{
 "cells": [
  {
   "cell_type": "code",
   "execution_count": 1,
   "metadata": {
    "ExecuteTime": {
     "end_time": "2021-04-18T02:06:40.361751Z",
     "start_time": "2021-04-18T02:06:37.413652Z"
    }
   },
   "outputs": [],
   "source": [
    "from pyspark import SparkContext\n",
    "from pyspark.sql import SQLContext\n",
    "from pyspark.sql.functions import split, col\n",
    "import os\n",
    "import numpy as np\n",
    "from numpy import linalg as LA\n",
    "import matplotlib.pyplot as plt"
   ]
  },
  {
   "cell_type": "code",
   "execution_count": 2,
   "metadata": {
    "ExecuteTime": {
     "end_time": "2021-04-18T02:06:43.212163Z",
     "start_time": "2021-04-18T02:06:40.371226Z"
    }
   },
   "outputs": [],
   "source": [
    "sc = SparkContext(master=\"local[4]\")\n",
    "sqlContext = SQLContext(sc)"
   ]
  },
  {
   "cell_type": "code",
   "execution_count": 3,
   "metadata": {
    "ExecuteTime": {
     "end_time": "2021-04-18T02:06:43.278160Z",
     "start_time": "2021-04-18T02:06:43.218540Z"
    }
   },
   "outputs": [],
   "source": [
    "def clean_schema(self):\n",
    "    df_no_na = self.df_orig_1.na.drop()\n",
    "    df_orig_2 = df_no_na.withColumn(self.utilName+\"_MW\", df_no_na[self.utilName+'_MW'].cast('double'))\n",
    "    split_col = split(df_orig_2['Datetime'], '-')\n",
    "    df_orig_2 = df_orig_2.withColumn('year', split_col.getItem(0))\n",
    "    df_orig_2 = df_orig_2.withColumn('month', split_col.getItem(1))\n",
    "    df_orig_2 = df_orig_2.withColumn('daytime', split_col.getItem(2))\n",
    "    split_last_col = split(df_orig_2['daytime'], ' ')\n",
    "    df_orig_2 = df_orig_2.withColumn('day', split_last_col.getItem(0))\n",
    "    df_orig_2 = df_orig_2.withColumn('hour', split_last_col.getItem(1)[0:2])\n",
    "    df_orig_2 = df_orig_2.drop(\"Datetime\")\n",
    "    df_orig_2 = df_orig_2.drop(\"daytime\")\n",
    "    df_orig_3 = df_orig_2.withColumn('year', df_orig_2['year'].cast('int'))\n",
    "    df_orig_4 = df_orig_3.withColumn('month', df_orig_3['month'].cast('int'))\n",
    "    df_orig_5 = df_orig_4.withColumn('day', df_orig_4['day'].cast('int'))\n",
    "    self.df_clean_schema = df_orig_5.withColumn('hour', df_orig_5['hour'].cast('int'))\n"
   ]
  },
  {
   "cell_type": "code",
   "execution_count": 4,
   "metadata": {
    "ExecuteTime": {
     "end_time": "2021-04-18T02:06:43.401205Z",
     "start_time": "2021-04-18T02:06:43.282995Z"
    }
   },
   "outputs": [],
   "source": [
    "#def download_file(utilName):\n",
    "#    filePath = \"Elec_Data/\"+utilName+\"_Hourly.csv\"\n",
    "#    fileLink = r\"'https://www.kaggle.com/robikscube/hourly-energy-consumption/download/\"+utilName+\"_hourly.csv.zip'\"\n",
    "#    fileName = \"Elec_Data/\"+utilName+\"_hourly.csv.zip\"\n",
    "#    ! test -e $filePath && echo \"Files necesarry already exist\" || wget $fileLink -P Elec_Data\n",
    "#    ! test -e $filePath && echo \"Files already unzipped\" || unzip $fileName "
   ]
  },
  {
   "cell_type": "code",
   "execution_count": 5,
   "metadata": {
    "ExecuteTime": {
     "end_time": "2021-04-18T02:06:43.524438Z",
     "start_time": "2021-04-18T02:06:43.405150Z"
    }
   },
   "outputs": [],
   "source": [
    "def find_incomplete_yrs(self):\n",
    "    sqlContext.registerDataFrameAsTable(self.df_clean_schema,'elec_data')\n",
    "    query=\"\"\"\n",
    "    SELECT year ,COUNT(AEP_MW) AS count \n",
    "    FROM elec_data \n",
    "    GROUP BY year \n",
    "    ORDER BY year\n",
    "    \"\"\"\n",
    "    \n",
    "    sqlContext.sql(query).show()\n",
    "    \n",
    "    query2=\"\"\"\n",
    "    SELECT year ,COUNT(AEP_MW) AS count \n",
    "    FROM elec_data\n",
    "    GROUP BY year\n",
    "    HAVING count<7800\n",
    "    ORDER BY year\n",
    "    \"\"\"\n",
    "    \n",
    "    df_incomplete_yrs=sqlContext.sql(query2)\n",
    "    self.rdd_incomplete_yrs=df_incomplete_yrs.rdd.map(lambda row: np.int(row['year']))\n",
    "\n",
    "\n",
    "    "
   ]
  },
  {
   "cell_type": "code",
   "execution_count": 6,
   "metadata": {
    "ExecuteTime": {
     "end_time": "2021-04-18T02:06:43.703383Z",
     "start_time": "2021-04-18T02:06:43.528352Z"
    }
   },
   "outputs": [],
   "source": [
    "def remove_incomplete_yrs(self):\n",
    "    badyrs = self.rdd_incomplete_yrs.collect()\n",
    "    self.whereQuery = \"WHERE (\"\n",
    "    for yrs in badyrs:\n",
    "        if yrs == badyrs[len(badyrs)-1]:\n",
    "            self.whereQuery = self.whereQuery+\"year!=\"+str(yrs)+\")\"\n",
    "        else:\n",
    "            self.whereQuery = self.whereQuery+\"year!=\"+str(yrs)+\" and \"\n",
    "    sqlContext.registerDataFrameAsTable(self.df_clean_schema,'elec_data')\n",
    "    query=\"SELECT * FROM elec_data \"+self.whereQuery+\" ORDER BY year, month, day, hour\"\n",
    "    self.df_full_yrs=sqlContext.sql(query)\n",
    "    "
   ]
  },
  {
   "cell_type": "code",
   "execution_count": 7,
   "metadata": {
    "ExecuteTime": {
     "end_time": "2021-04-18T02:06:43.850570Z",
     "start_time": "2021-04-18T02:06:43.710428Z"
    }
   },
   "outputs": [],
   "source": [
    "def find_incomplete_days(self):\n",
    "    sqlContext.registerDataFrameAsTable(self.df_full_yrs,'elec_data')\n",
    "    query=\"SELECT  month, day , year, count(AEP_MW) as count_meas \\\n",
    "    FROM elec_data \\\n",
    "    GROUP BY month, day, year \\\n",
    "    ORDER BY count_meas ASC\"\n",
    "    df_hourly_count=sqlContext.sql(query)\n",
    "\n",
    "    df_hourly_pre = self.df_full_yrs.join(df_hourly_count, on=['month', 'day','year'], how='inner')\n",
    "    df_hourly_pre.show()\n",
    "    print(\"number of total days: \", df_hourly_pre.count())\n",
    "    sqlContext.registerDataFrameAsTable(df_hourly_pre,'elec_data2')\n",
    "    query2=\"SELECT  year, month, day , hour, AEP_MW \\\n",
    "    FROM elec_data2 \\\n",
    "    WHERE count_meas==24\\\n",
    "    ORDER BY year, month, day, hour\"\n",
    "    self.df_final=sqlContext.sql(query2)\n",
    "    self.df_final.show()\n",
    "    print(\"number of days with 24 hours: \", self.df_final.count())\n",
    "    \n",
    "\n",
    "    \n",
    "    #sqlContext.registerDataFrameAsTable(df_hourly_pre,'hourly_data_daily_count')\n",
    "    #df_hourly_pre.count()\n",
    "    \n",
    "    \n",
    "\n"
   ]
  },
  {
   "cell_type": "code",
   "execution_count": 8,
   "metadata": {
    "ExecuteTime": {
     "end_time": "2021-04-18T02:06:44.052037Z",
     "start_time": "2021-04-18T02:06:43.862110Z"
    }
   },
   "outputs": [],
   "source": [
    "def return_hourly_average(self):\n",
    "    sqlContext.registerDataFrameAsTable(self.df_final,'elec_data')\n",
    "\n",
    "    query=\"\"\"\n",
    "    SELECT  AVG(AEP_MW) AS avg_MW_per_hr , hour \n",
    "    FROM elec_data\n",
    "    GROUP BY hour\n",
    "    ORDER BY hour\n",
    "    \"\"\"\n",
    "\n",
    "    df_hourly_avg=sqlContext.sql(query)\n",
    "    df_hourly_avg.show(24)\n",
    "    rdd_hourly_avg_pre=df_hourly_avg.rdd.map(lambda row: np.float(row['avg_MW_per_hr']))\n",
    "    self.hourly_avg=np.array(rdd_hourly_avg_pre.collect())\n",
    "    return self.hourly_avg"
   ]
  },
  {
   "cell_type": "code",
   "execution_count": 9,
   "metadata": {
    "ExecuteTime": {
     "end_time": "2021-04-18T02:06:44.249824Z",
     "start_time": "2021-04-18T02:06:44.058141Z"
    }
   },
   "outputs": [],
   "source": [
    "def return_grouped_df(self):\n",
    "    sqlContext.registerDataFrameAsTable(self.df_final,'elec_data')\n",
    "    query=\"\"\"\n",
    "    SELECT  month, day , year, concat_ws(',', collect_list(AEP_MW)) as day_consump\n",
    "    FROM elec_data\n",
    "    GROUP BY month, day, year\n",
    "    ORDER BY year, month, day\n",
    "\n",
    "    \"\"\"\n",
    "\n",
    "    df_final_grouped_pre=sqlContext.sql(query)\n",
    "    self.df_final_grouped = df_final_grouped_pre.withColumn(\"day_consump\", split(col(\"day_consump\"), \",\").cast(\"array<long>\"))\n",
    "    return self.df_final_grouped"
   ]
  },
  {
   "cell_type": "code",
   "execution_count": 10,
   "metadata": {
    "ExecuteTime": {
     "end_time": "2021-04-18T02:06:44.381777Z",
     "start_time": "2021-04-18T02:06:44.259479Z"
    }
   },
   "outputs": [],
   "source": [
    "def return_covariance_matrix(self):\n",
    "    rdd_daily_outer=self.df_final_grouped.rdd.map(lambda row: np.outer(np.array(row['day_consump']),np.array(row['day_consump'])))\n",
    "    rdd_outer_sum=rdd_daily_outer.reduce(lambda x, y: x+y)\n",
    "    #print(rdd_outer_sum.shape)\n",
    "    expec_of_outer=rdd_outer_sum/self.df_final_grouped.count()\n",
    "    day_expec_outer_prod=np.outer(self.hourly_avg, self.hourly_avg)\n",
    "    self.cov_hours=expec_of_outer-day_expec_outer_prod\n",
    "    return self.cov_hours\n",
    "    \n",
    "    \n",
    "    \n",
    "    \n",
    "    "
   ]
  },
  {
   "cell_type": "code",
   "execution_count": 11,
   "metadata": {
    "ExecuteTime": {
     "end_time": "2021-04-18T02:06:44.542558Z",
     "start_time": "2021-04-18T02:06:44.389281Z"
    }
   },
   "outputs": [],
   "source": [
    "def return_eig_data(self, plotFlag):\n",
    "    self.eigvals,self.eigvecs = LA.eig(self.cov_hours)\n",
    "    e_val_percent=([0,]+list(np.cumsum(self.eigvals)))/sum(self.eigvals)\n",
    "    e_val_percent=([0,]+list(np.cumsum(self.eigvals)))/sum(self.eigvals)\n",
    "    if plotFlag == True:\n",
    "        print(\"Percent of trace by comulative sum of eigenvalues:\",e_val_percent)\n",
    "        plt.plot(list(range(e_val_percent[:4].size)),e_val_percent[:4])\n",
    "        plt.title('Percentage of Variance Explained (Cov. Trace)')\n",
    "        plt.ylabel('Percentage of Variance')\n",
    "        plt.xlabel('# Eigenvectors')\n",
    "        plt.xticks(list(range(e_val_percent[:4].size)),list(range(e_val_percent[:4].size)))\n",
    "        plt.show()\n",
    "        \n",
    "        plt.figure(figsize=(15,7))\n",
    "        plt.plot(list(range(self.hourly_avg.size)), self.eigvecs[0], label=\"1st principal eigvec\")\n",
    "        plt.plot(list(range(self.hourly_avg.size)), self.eigvecs[1], label=\"2nd principal eigvec\")\n",
    "        plt.plot(list(range(self.hourly_avg.size)), np.zeros(24), label=\"zero\")\n",
    "        plt.title('Principal eigen vectors')\n",
    "        plt.ylabel('MW_per_hr')\n",
    "        plt.xlabel('Hours')\n",
    "        plt.xticks(list(range(self.hourly_avg.size)),list(range(self.hourly_avg.size)))\n",
    "        plt.show()\n",
    "        \n",
    "        \n",
    "    return [self.eigvals, self.eigvecs]\n"
   ]
  },
  {
   "cell_type": "code",
   "execution_count": 12,
   "metadata": {
    "ExecuteTime": {
     "end_time": "2021-04-18T02:06:44.675816Z",
     "start_time": "2021-04-18T02:06:44.548345Z"
    }
   },
   "outputs": [],
   "source": [
    "def return_stdev_data(self, plotFlag):\n",
    "    \n",
    "    sqlContext.registerDataFrameAsTable(self.df_final,'elec_data')\n",
    "    query=\"\"\"\n",
    "    SELECT  hour, STDDEV(AEP_MW) AS STDEV_MW_per_hr \n",
    "    FROM elec_data\n",
    "    GROUP BY hour\n",
    "    ORDER BY hour\n",
    "    \"\"\"\n",
    "\n",
    "    df_hr_stdev=sqlContext.sql(query)\n",
    "    df_hr_stdev.show(24)\n",
    "    rdd_hr_stdev=df_hr_stdev.rdd.map(lambda row: np.float(row['STDEV_MW_per_hr']))\n",
    "    self.hour_stdev=np.array(rdd_hr_stdev.collect())\n",
    "\n",
    "    if plotFlag == True:\n",
    "        plt.figure(figsize=(15,7))\n",
    "        plt.plot(list(range(self.hour_stdev.size)),self.hourly_avg, label=\"avg\")\n",
    "        plt.plot(list(range(self.hour_stdev.size)),self.hourly_avg-self.hour_stdev, label=\"avg-stdev\")\n",
    "        plt.plot(list(range(self.hour_stdev.size)),self.hourly_avg+self.hour_stdev, label=\"avg+stdev\")\n",
    "        plt.title('Avg MW used per hour')\n",
    "        plt.ylabel('MW per hour')\n",
    "        plt.xlabel('Hour')\n",
    "        plt.xticks(list(range(self.hour_stdev.size)),list(range(self.hourly_avg.size)))\n",
    "        plt.legend()\n",
    "        plt.show()\n",
    "    return self.hour_stdev"
   ]
  },
  {
   "cell_type": "code",
   "execution_count": 79,
   "metadata": {
    "ExecuteTime": {
     "end_time": "2021-04-18T03:07:54.484716Z",
     "start_time": "2021-04-18T03:07:54.413584Z"
    }
   },
   "outputs": [],
   "source": [
    "def compute_decomposition(grouped_df, hr_avg, eigvecs):\n",
    "   # self.eigvecs\n",
    "   # self.hourly_avg\n",
    "    \n",
    "    \n",
    "    rdd_MW_daily = grouped_df.rdd.map(lambda row: ([row['month'],row['day'],row['year']],np.array(row['day_consump'])))\n",
    "    #rdd_test1=rdd_MW_daily.map(lambda row: (row[0],row[1]-AEP_hr_avg)) \n",
    "    rdd_daily_coef=rdd_MW_daily.map(lambda row: (row[0],np.dot(row[1]-hr_avg, eigvecs[:,0:2])))\n",
    "    rdd_daily_approx=rdd_daily_coef.map(lambda row: (row[0],hr_avg+np.dot(eigvecs[:,0:2],row[1]) ))   \n",
    "    rdd_daily_res=rdd_MW_daily.map(lambda row: (row[0],LA.norm(hr_avg+ np.dot(eigvecs[:,0:2],np.dot(row[1]-hr_avg, eigvecs[:,0:2]))-row[1])))\n",
    "\n",
    "    return [rdd_MW_daily, rdd_daily_coef, rdd_daily_approx, rdd_daily_res]\n",
    "    \n",
    "    \n",
    "    \n",
    "    \n",
    "    #self.rdd_MW_daily = self.df_final_grouped.rdd.map(lambda row: ([row['month'],row['day'],row['year']],np.array(row['day_consump'])))\n",
    "    #rdd_test1=rdd_MW_daily.map(lambda row: (row[0],row[1]-AEP_hr_avg)) \n",
    "    #self.rdd_daily_coef=self.rdd_MW_daily.map(lambda row: (row[0],np.dot(row[1]-self.hourly_avg, self.eigvecs[:,0:2])))\n",
    "    #self.rdd_daily_approx=self.rdd_daily_coef.map(lambda row: (row[0],self.hourly_avg+np.dot(self.eigvecs[:,0:2],row[1]) ))   \n",
    "    #self.rdd_daily_res=self.rdd_MW_daily.map(lambda row: (row[0],LA.norm(self.hourly_avg+ np.dot(self.eigvecs[:,0:2],np.dot(row[1]-self.hourly_avg,self.eigvecs[:,0:2]))-row[1])))\n",
    "    #rdd_MW_daily=rdd_MW_daily.map(lambda row: (row[0],np.dot(row[2]-AEP_hr_avg, AEP_grouped_df.eigvecs[:,0:2]))) \n",
    "    #print(self.rdd_daily_approx.take(5))"
   ]
  },
  {
   "cell_type": "code",
   "execution_count": 99,
   "metadata": {
    "ExecuteTime": {
     "end_time": "2021-04-18T03:41:39.363430Z",
     "start_time": "2021-04-18T03:41:39.342509Z"
    }
   },
   "outputs": [],
   "source": [
    "def return_min_res_date(self):\n",
    "    temp_rdd_daily_res =self.rdd_daily_res.map(lambda row: (row[0],float(row[1])))\n",
    "    res_df_pre = temp_rdd_daily_res.toDF([\"date\",\"res\"])\n",
    "    res_df_sort = res_df_pre.sort(\"res\")\n",
    "    rdd_sort_date = res_df_sort.rdd.map(lambda row: row[\"date\"])\n",
    "    self.date_min_res = rdd_sort_date.take(1)[0]\n",
    "    return self.date_min_res\n",
    "\n",
    "    "
   ]
  },
  {
   "cell_type": "code",
   "execution_count": 172,
   "metadata": {
    "ExecuteTime": {
     "end_time": "2021-04-18T04:31:36.345147Z",
     "start_time": "2021-04-18T04:31:36.297124Z"
    }
   },
   "outputs": [],
   "source": [
    "def plot_date_decomp(self, date):\n",
    "    temp_sol = self.rdd_MW_daily.lookup(date)[0]\n",
    "    temp_approx = self.rdd_daily_approx.lookup(date)[0]\n",
    "    temp_residual = self.rdd_daily_res.lookup(date)[0]\n",
    "    plt.figure(figsize=(15,7))\n",
    "    plt.plot(list(range(self.hourly_avg.size)),self.hourly_avg, label=\"Mean Sol\")\n",
    "    plt.plot(list(range(self.hourly_avg.size)),temp_approx, label=\"2 PC sol\")\n",
    "    plt.plot(list(range(self.hourly_avg.size)),temp_sol, label=\"actual sol\")\n",
    "    tempTitle = \"MW used/ approx, Date: \"+str(date[0])+\"/\"+str(date[1])+\"/\"+str(date[2])+\\\n",
    "    \" Residual (MW): \"+\"%0.3f\" % (temp_residual)\n",
    "    \n",
    "    #\"The value of x is %4d.\" % (x)\n",
    "    plt.title(tempTitle)\n",
    "    plt.ylabel('MW per hour')\n",
    "    plt.xlabel('Hour')\n",
    "    plt.xticks(list(range(self.hourly_avg.size)),list(range(self.hourly_avg.size)))\n",
    "    plt.legend()\n",
    "    plt.show()\n",
    "    \n",
    "    "
   ]
  },
  {
   "cell_type": "code",
   "execution_count": 173,
   "metadata": {
    "ExecuteTime": {
     "end_time": "2021-04-18T04:31:36.549211Z",
     "start_time": "2021-04-18T04:31:36.347572Z"
    }
   },
   "outputs": [],
   "source": [
    "import types\n",
    "class Consumption_Dataset:\n",
    "    def __init__(self, utilityName):\n",
    "        self.utilName = utilityName;\n",
    "        #self.zipFileName = utilityName+\"_hourly.csv\"\n",
    "        #self.path = \"Elec_Data/\"+self.fileName\n",
    "        #self.link = r\"'https://www.kaggle.com/robikscube/hourly-energy-consumption/download/\"+self.fileName+\"'.zip'\"\n",
    "        #self.download_file = types.MethodType( download_file, self )\n",
    "        #download_file(self.utilName)\n",
    "        self.df_orig_1 = sqlContext.read.format(\"csv\").option(\"header\", \"true\").load(\"Elec_Data/\"+self.utilName+\"_hourly.csv\")\n",
    "        self.clean_schema = types.MethodType( clean_schema, self )\n",
    "        self.find_incomplete_yrs = types.MethodType(find_incomplete_yrs, self )\n",
    "        self.remove_incomplete_yrs = types.MethodType(remove_incomplete_yrs, self )\n",
    "        self.find_incomplete_days = types.MethodType(find_incomplete_days, self )\n",
    "        self.return_hourly_average = types.MethodType(return_hourly_average, self )\n",
    "        self.return_grouped_df = types.MethodType(return_grouped_df, self )\n",
    "        self.return_covariance_matrix = types.MethodType(return_covariance_matrix, self )\n",
    "        self.return_eig_data = types.MethodType(return_eig_data, self )\n",
    "        self.return_stdev_data = types.MethodType(return_stdev_data, self )\n",
    "        #self.compute_decomposition = types.MethodType(compute_decomposition, self )\n",
    "        self.return_min_res_date = types.MethodType(return_min_res_date, self )\n",
    "        self.plot_date_decomp = types.MethodType(plot_date_decomp, self )"
   ]
  },
  {
   "cell_type": "code",
   "execution_count": 174,
   "metadata": {
    "ExecuteTime": {
     "end_time": "2021-04-18T04:31:37.355206Z",
     "start_time": "2021-04-18T04:31:36.552388Z"
    },
    "scrolled": true
   },
   "outputs": [
    {
     "name": "stdout",
     "output_type": "stream",
     "text": [
      "Schema for original dataframe formed from data file:\n",
      "root\n",
      " |-- Datetime: string (nullable = true)\n",
      " |-- AEP_MW: string (nullable = true)\n",
      "\n",
      "+-------------------+-------+\n",
      "|           Datetime| AEP_MW|\n",
      "+-------------------+-------+\n",
      "|2004-12-31 01:00:00|13478.0|\n",
      "|2004-12-31 02:00:00|12865.0|\n",
      "|2004-12-31 03:00:00|12577.0|\n",
      "|2004-12-31 04:00:00|12517.0|\n",
      "|2004-12-31 05:00:00|12670.0|\n",
      "|2004-12-31 06:00:00|13038.0|\n",
      "|2004-12-31 07:00:00|13692.0|\n",
      "|2004-12-31 08:00:00|14297.0|\n",
      "|2004-12-31 09:00:00|14719.0|\n",
      "|2004-12-31 10:00:00|14941.0|\n",
      "|2004-12-31 11:00:00|15184.0|\n",
      "|2004-12-31 12:00:00|15009.0|\n",
      "|2004-12-31 13:00:00|14808.0|\n",
      "|2004-12-31 14:00:00|14522.0|\n",
      "|2004-12-31 15:00:00|14349.0|\n",
      "|2004-12-31 16:00:00|14107.0|\n",
      "|2004-12-31 17:00:00|14410.0|\n",
      "|2004-12-31 18:00:00|15174.0|\n",
      "|2004-12-31 19:00:00|15261.0|\n",
      "|2004-12-31 20:00:00|14774.0|\n",
      "+-------------------+-------+\n",
      "only showing top 20 rows\n",
      "\n"
     ]
    }
   ],
   "source": [
    "AEP_Data = Consumption_Dataset(\"AEP\")\n",
    "print(\"Schema for original dataframe formed from data file:\")\n",
    "AEP_Data.df_orig_1.printSchema()\n",
    "AEP_Data.df_orig_1.show()"
   ]
  },
  {
   "cell_type": "code",
   "execution_count": 175,
   "metadata": {
    "ExecuteTime": {
     "end_time": "2021-04-18T04:31:38.027921Z",
     "start_time": "2021-04-18T04:31:37.358674Z"
    }
   },
   "outputs": [
    {
     "name": "stdout",
     "output_type": "stream",
     "text": [
      "root\n",
      " |-- AEP_MW: double (nullable = true)\n",
      " |-- year: integer (nullable = true)\n",
      " |-- month: integer (nullable = true)\n",
      " |-- day: integer (nullable = true)\n",
      " |-- hour: integer (nullable = true)\n",
      "\n",
      "+-------+----+-----+---+----+\n",
      "| AEP_MW|year|month|day|hour|\n",
      "+-------+----+-----+---+----+\n",
      "|13478.0|2004|   12| 31|   1|\n",
      "|12865.0|2004|   12| 31|   2|\n",
      "|12577.0|2004|   12| 31|   3|\n",
      "|12517.0|2004|   12| 31|   4|\n",
      "|12670.0|2004|   12| 31|   5|\n",
      "|13038.0|2004|   12| 31|   6|\n",
      "|13692.0|2004|   12| 31|   7|\n",
      "|14297.0|2004|   12| 31|   8|\n",
      "|14719.0|2004|   12| 31|   9|\n",
      "|14941.0|2004|   12| 31|  10|\n",
      "|15184.0|2004|   12| 31|  11|\n",
      "|15009.0|2004|   12| 31|  12|\n",
      "|14808.0|2004|   12| 31|  13|\n",
      "|14522.0|2004|   12| 31|  14|\n",
      "|14349.0|2004|   12| 31|  15|\n",
      "|14107.0|2004|   12| 31|  16|\n",
      "|14410.0|2004|   12| 31|  17|\n",
      "|15174.0|2004|   12| 31|  18|\n",
      "|15261.0|2004|   12| 31|  19|\n",
      "|14774.0|2004|   12| 31|  20|\n",
      "+-------+----+-----+---+----+\n",
      "only showing top 20 rows\n",
      "\n"
     ]
    },
    {
     "data": {
      "text/plain": [
       "121273"
      ]
     },
     "execution_count": 175,
     "metadata": {},
     "output_type": "execute_result"
    }
   ],
   "source": [
    "AEP_Data.clean_schema()\n",
    "AEP_Data.df_clean_schema.printSchema()\n",
    "AEP_Data.df_clean_schema.show()\n",
    "AEP_Data.df_clean_schema.count()"
   ]
  },
  {
   "cell_type": "code",
   "execution_count": 176,
   "metadata": {
    "ExecuteTime": {
     "end_time": "2021-04-18T04:31:40.642666Z",
     "start_time": "2021-04-18T04:31:38.030951Z"
    },
    "scrolled": true
   },
   "outputs": [
    {
     "name": "stdout",
     "output_type": "stream",
     "text": [
      "+----+-----+\n",
      "|year|count|\n",
      "+----+-----+\n",
      "|2004| 2206|\n",
      "|2005| 8758|\n",
      "|2006| 8758|\n",
      "|2007| 8758|\n",
      "|2008| 8782|\n",
      "|2009| 8758|\n",
      "|2010| 8757|\n",
      "|2011| 8758|\n",
      "|2012| 8781|\n",
      "|2013| 8758|\n",
      "|2014| 8759|\n",
      "|2015| 8760|\n",
      "|2016| 8784|\n",
      "|2017| 8760|\n",
      "|2018| 5136|\n",
      "+----+-----+\n",
      "\n"
     ]
    },
    {
     "data": {
      "text/plain": [
       "[2004, 2018]"
      ]
     },
     "execution_count": 176,
     "metadata": {},
     "output_type": "execute_result"
    }
   ],
   "source": [
    "AEP_Data.find_incomplete_yrs()\n",
    "AEP_Data.rdd_incomplete_yrs.collect()"
   ]
  },
  {
   "cell_type": "code",
   "execution_count": 177,
   "metadata": {
    "ExecuteTime": {
     "end_time": "2021-04-18T04:31:45.258183Z",
     "start_time": "2021-04-18T04:31:40.646210Z"
    }
   },
   "outputs": [
    {
     "name": "stdout",
     "output_type": "stream",
     "text": [
      "+-------+----+-----+---+----+\n",
      "| AEP_MW|year|month|day|hour|\n",
      "+-------+----+-----+---+----+\n",
      "|12892.0|2005|    1|  1|   0|\n",
      "|12316.0|2005|    1|  1|   1|\n",
      "|11890.0|2005|    1|  1|   2|\n",
      "|11579.0|2005|    1|  1|   3|\n",
      "|11461.0|2005|    1|  1|   4|\n",
      "|11472.0|2005|    1|  1|   5|\n",
      "|11571.0|2005|    1|  1|   6|\n",
      "|11898.0|2005|    1|  1|   7|\n",
      "|12209.0|2005|    1|  1|   8|\n",
      "|12396.0|2005|    1|  1|   9|\n",
      "|12997.0|2005|    1|  1|  10|\n",
      "|13455.0|2005|    1|  1|  11|\n",
      "|13617.0|2005|    1|  1|  12|\n",
      "|13665.0|2005|    1|  1|  13|\n",
      "|13446.0|2005|    1|  1|  14|\n",
      "|13340.0|2005|    1|  1|  15|\n",
      "|13159.0|2005|    1|  1|  16|\n",
      "|13449.0|2005|    1|  1|  17|\n",
      "|14319.0|2005|    1|  1|  18|\n",
      "|14536.0|2005|    1|  1|  19|\n",
      "+-------+----+-----+---+----+\n",
      "only showing top 20 rows\n",
      "\n"
     ]
    },
    {
     "data": {
      "text/plain": [
       "113931"
      ]
     },
     "execution_count": 177,
     "metadata": {},
     "output_type": "execute_result"
    }
   ],
   "source": [
    "AEP_Data.remove_incomplete_yrs()\n",
    "AEP_Data.df_full_yrs.show()\n",
    "AEP_Data.df_full_yrs.count()"
   ]
  },
  {
   "cell_type": "code",
   "execution_count": 178,
   "metadata": {
    "ExecuteTime": {
     "end_time": "2021-04-18T04:32:12.580156Z",
     "start_time": "2021-04-18T04:31:45.261011Z"
    }
   },
   "outputs": [
    {
     "name": "stdout",
     "output_type": "stream",
     "text": [
      "+-----+---+----+-------+----+----------+\n",
      "|month|day|year| AEP_MW|hour|count_meas|\n",
      "+-----+---+----+-------+----+----------+\n",
      "|    1|  1|2005|12892.0|   0|        24|\n",
      "|    1|  1|2005|12316.0|   1|        24|\n",
      "|    1|  1|2005|11890.0|   2|        24|\n",
      "|    1|  1|2005|11579.0|   3|        24|\n",
      "|    1|  1|2005|11461.0|   4|        24|\n",
      "|    1|  1|2005|11472.0|   5|        24|\n",
      "|    1|  1|2005|11571.0|   6|        24|\n",
      "|    1|  1|2005|11898.0|   7|        24|\n",
      "|    1|  1|2005|12209.0|   8|        24|\n",
      "|    1|  1|2005|12396.0|   9|        24|\n",
      "|    1|  1|2005|12997.0|  10|        24|\n",
      "|    1|  1|2005|13455.0|  11|        24|\n",
      "|    1|  1|2005|13617.0|  12|        24|\n",
      "|    1|  1|2005|13665.0|  13|        24|\n",
      "|    1|  1|2005|13446.0|  14|        24|\n",
      "|    1|  1|2005|13340.0|  15|        24|\n",
      "|    1|  1|2005|13159.0|  16|        24|\n",
      "|    1|  1|2005|13449.0|  17|        24|\n",
      "|    1|  1|2005|14319.0|  18|        24|\n",
      "|    1|  1|2005|14536.0|  19|        24|\n",
      "+-----+---+----+-------+----+----------+\n",
      "only showing top 20 rows\n",
      "\n",
      "number of total days:  113931\n",
      "+----+-----+---+----+-------+\n",
      "|year|month|day|hour| AEP_MW|\n",
      "+----+-----+---+----+-------+\n",
      "|2005|    1|  1|   0|12892.0|\n",
      "|2005|    1|  1|   1|12316.0|\n",
      "|2005|    1|  1|   2|11890.0|\n",
      "|2005|    1|  1|   3|11579.0|\n",
      "|2005|    1|  1|   4|11461.0|\n",
      "|2005|    1|  1|   5|11472.0|\n",
      "|2005|    1|  1|   6|11571.0|\n",
      "|2005|    1|  1|   7|11898.0|\n",
      "|2005|    1|  1|   8|12209.0|\n",
      "|2005|    1|  1|   9|12396.0|\n",
      "|2005|    1|  1|  10|12997.0|\n",
      "|2005|    1|  1|  11|13455.0|\n",
      "|2005|    1|  1|  12|13617.0|\n",
      "|2005|    1|  1|  13|13665.0|\n",
      "|2005|    1|  1|  14|13446.0|\n",
      "|2005|    1|  1|  15|13340.0|\n",
      "|2005|    1|  1|  16|13159.0|\n",
      "|2005|    1|  1|  17|13449.0|\n",
      "|2005|    1|  1|  18|14319.0|\n",
      "|2005|    1|  1|  19|14536.0|\n",
      "+----+-----+---+----+-------+\n",
      "only showing top 20 rows\n",
      "\n",
      "number of days with 24 hours:  113256\n"
     ]
    }
   ],
   "source": [
    "AEP_Data.find_incomplete_days()"
   ]
  },
  {
   "cell_type": "code",
   "execution_count": 179,
   "metadata": {
    "ExecuteTime": {
     "end_time": "2021-04-18T04:32:26.065521Z",
     "start_time": "2021-04-18T04:32:12.584156Z"
    }
   },
   "outputs": [
    {
     "name": "stdout",
     "output_type": "stream",
     "text": [
      "+------------------+----+\n",
      "|     avg_MW_per_hr|hour|\n",
      "+------------------+----+\n",
      "| 14671.88874761602|   0|\n",
      "| 13904.05785123967|   1|\n",
      "|13439.855054036872|   2|\n",
      "|13188.196863742318|   3|\n",
      "|  13097.7819453274|   4|\n",
      "|13242.179275270184|   5|\n",
      "|13806.066539521085|   6|\n",
      "|14792.432930705658|   7|\n",
      "|15490.261284170376|   8|\n",
      "|15836.711591438865|   9|\n",
      "|16103.594193685103|  10|\n",
      "|16333.905700360247|  11|\n",
      "|16432.198770926043|  12|\n",
      "| 16516.83619410892|  13|\n",
      "| 16578.50455605001|  14|\n",
      "|16540.633396906123|  15|\n",
      "|16493.837253655434|  16|\n",
      "|16591.548421275693|  17|\n",
      "|16806.708200890018|  18|\n",
      "|16906.230557321465|  19|\n",
      "|16854.240517058697|  20|\n",
      "| 16797.99385463022|  21|\n",
      "| 16504.56622165713|  22|\n",
      "|15662.884085611358|  23|\n",
      "+------------------+----+\n",
      "\n"
     ]
    }
   ],
   "source": [
    "AEP_hr_avg = AEP_Data.return_hourly_average()\n",
    "\n",
    "#rdd_hour_avg = np.concatenate(np.array(rdd_hour_avg_pre).ravel().tolist()"
   ]
  },
  {
   "cell_type": "code",
   "execution_count": 180,
   "metadata": {
    "ExecuteTime": {
     "end_time": "2021-04-18T04:32:32.408508Z",
     "start_time": "2021-04-18T04:32:26.074687Z"
    }
   },
   "outputs": [
    {
     "name": "stdout",
     "output_type": "stream",
     "text": [
      "+-----+---+----+--------------------+\n",
      "|month|day|year|         day_consump|\n",
      "+-----+---+----+--------------------+\n",
      "|    1|  1|2005|[12892, 12316, 11...|\n",
      "|    1|  2|2005|[12849, 12291, 11...|\n",
      "|    1|  3|2005|[13080, 12566, 12...|\n",
      "|    1|  4|2005|[14163, 13421, 12...|\n",
      "|    1|  5|2005|[14781, 13994, 13...|\n",
      "|    1|  6|2005|[14860, 13813, 13...|\n",
      "|    1|  7|2005|[15106, 14471, 14...|\n",
      "|    1|  8|2005|[15086, 14347, 13...|\n",
      "|    1|  9|2005|[14546, 13862, 13...|\n",
      "|    1| 10|2005|[14555, 14135, 13...|\n",
      "|    1| 11|2005|[15298, 14780, 14...|\n",
      "|    1| 12|2005|[14891, 13967, 13...|\n",
      "|    1| 13|2005|[13551, 12744, 12...|\n",
      "|    1| 14|2005|[14661, 13948, 13...|\n",
      "|    1| 15|2005|[16588, 15879, 15...|\n",
      "|    1| 16|2005|[15838, 15207, 15...|\n",
      "|    1| 17|2005|[17716, 17280, 17...|\n",
      "|    1| 18|2005|[20066, 19329, 19...|\n",
      "|    1| 19|2005|[19903, 19140, 18...|\n",
      "|    1| 20|2005|[17436, 16640, 16...|\n",
      "+-----+---+----+--------------------+\n",
      "only showing top 20 rows\n",
      "\n"
     ]
    }
   ],
   "source": [
    "AEP_grouped_df = AEP_Data.return_grouped_df()\n",
    "AEP_grouped_df.show()"
   ]
  },
  {
   "cell_type": "code",
   "execution_count": 181,
   "metadata": {
    "ExecuteTime": {
     "end_time": "2021-04-18T04:32:50.582196Z",
     "start_time": "2021-04-18T04:32:32.411572Z"
    }
   },
   "outputs": [
    {
     "name": "stdout",
     "output_type": "stream",
     "text": [
      "[[3714878.17855319 3620623.75150919 3572594.65244827 3534906.26835209\n",
      "  3517669.66423422 3534405.37785965 3603203.95845163 3694615.25286898\n",
      "  3783506.52832681 3757084.25907725 3693794.56006604 3651261.42074436\n",
      "  3582531.52497452 3506423.67895782 3434837.90610129 3365678.64325777\n",
      "  3316301.53794411 3366733.6119774  3598292.03471193 3823856.53931823\n",
      "  3673990.44845766 3423220.34345701 3379628.60548136 3327976.80846471]\n",
      " [3620623.75150919 3609547.0004676  3620366.29170802 3631449.72944611\n",
      "  3653412.23723859 3704356.86989996 3804361.59988019 3943694.92261282\n",
      "  4028006.55534419 3918779.20041013 3752171.61237234 3593972.42906204\n",
      "  3416735.17519298 3247752.85859698 3100144.0371384  2973665.40561193\n",
      "  2892512.64916927 2945362.07888982 3239692.48350525 3550940.78767914\n",
      "  3477206.24164844 3269331.45172232 3213891.54342479 3201829.65472442]\n",
      " [3572594.65244827 3620366.29170802 3688060.0845215  3738683.70410147\n",
      "  3794954.28223151 3876807.57355887 4009630.80027822 4199736.92289141\n",
      "  4284785.02028361 4101964.80329061 3843514.06260404 3584445.71424007\n",
      "  3311972.70713273 3062052.37485841 2849165.42617425 2673455.09986091\n",
      "  2564059.60917178 2618588.29669851 2966482.20902935 3351052.43435076\n",
      "  3340725.83884588 3169511.95948222 3106045.00091031 3125007.7308147 ]\n",
      " [3534906.26835209 3631449.72944611 3738683.70410147 3828169.0180364\n",
      "  3911237.48306268 4019416.1528827  4180618.52409086 4414988.91985747\n",
      "  4501464.34631637 4257563.44478312 3923159.50603816 3581398.92405266\n",
      "  3230919.45271072 2914726.34460178 2648473.92037877 2432112.84309694\n",
      "  2299161.93265343 2354668.27898216 2745415.49673268 3189646.73316643\n",
      "  3231107.95307475 3091219.13386503 3022367.12989622 3066202.20061126]\n",
      " [3517669.66423422 3653412.23723859 3794954.28223151 3911237.48306268\n",
      "  4023412.2086505  4153985.39255652 4344079.64303222 4624021.81701329\n",
      "  4715729.3417803  4418038.15749684 4017636.72333655 3606440.09874243\n",
      "  3189847.16752177 2818192.41119808 2507866.64382032 2257396.18515903\n",
      "  2103739.8477504  2159375.44846907 2585370.07771534 3078762.4806619\n",
      "  3162733.02934778 3048686.76301682 2975928.35317698 3038405.13619921]\n",
      " [3534405.37785965 3704356.86989996 3876807.57355887 4019416.1528827\n",
      "  4153985.39255652 4317308.08356285 4549479.5778147  4901471.51382512\n",
      "  5007902.68043095 4649936.61178079 4181035.7296699  3706220.65178585\n",
      "  3228767.37335026 2806815.79520658 2458769.02228132 2176254.63321599\n",
      "  1999758.04316244 2052240.83938029 2506807.51512229 3044002.3324748\n",
      "  3164171.65851298 3071637.75083682 2992673.71285796 3063759.31321543]\n",
      " [3603203.95845163 3804361.59988019 4009630.80027822 4180618.52409086\n",
      "  4344079.64303222 4549479.5778147  4871448.36217558 5371673.32465771\n",
      "  5516830.05826586 5066360.67886421 4504561.64662495 3961139.28133291\n",
      "  3416116.32328585 2942396.99331111 2560262.37223339 2242324.79531965\n",
      "  2032925.52852347 2074302.05717224 2545970.18957937 3125848.71320301\n",
      "  3282890.18552187 3213790.20426565 3123028.81928512 3182324.63030243]\n",
      " [3694615.25286898 3943694.92261282 4199736.92289141 4414988.91985747\n",
      "  4624021.81701329 4901471.51382512 5371673.32465771 6156886.39595732\n",
      "  6369117.66819164 5752314.54677233 5033644.61370254 4379778.12707227\n",
      "  3727392.68042195 3174847.84480938 2743431.78177407 2370409.1936788\n",
      "  2105084.37730259 2123756.00690302 2609696.09157571 3249257.039621\n",
      "  3472873.48582831 3455454.33175567 3329142.52028167 3355117.98237193]\n",
      " [3783506.52832681 4028006.55534419 4284785.02028361 4501464.34631637\n",
      "  4715729.3417803  5007902.68043095 5516830.05826586 6369117.66819164\n",
      "  6635277.4068312  5999556.95138961 5263760.79982182 4605612.72775403\n",
      "  3944087.5333578  3384584.86903426 2950750.97475785 2568310.6768429\n",
      "  2289552.36780384 2300564.21144238 2784539.22436708 3428834.71492326\n",
      "  3657413.22090328 3629136.83419731 3501968.29113135 3516677.29962331]\n",
      " [3757084.25907725 3918779.20041013 4101964.80329061 4257563.44478312\n",
      "  4418038.15749684 4649936.61178079 5066360.67886421 5752314.54677233\n",
      "  5999556.95138961 5536573.5275431  4978289.98658562 4487342.37140456\n",
      "  3983470.2497409  3551899.71902102 3214777.11161277 2910613.42700851\n",
      "  2685504.24125922 2702116.25480002 3116443.65773711 3654047.14214629\n",
      "  3782139.21600842 3691951.55491337 3591269.87171596 3580814.74893841]\n",
      " [3693794.56006604 3752171.61237234 3843514.06260404 3923159.50603816\n",
      "  4017636.72333655 4181035.7296699  4504561.64662495 5033644.61370254\n",
      "  5263760.79982182 4978289.98658562 4641291.33373189 4367195.42581397\n",
      "  4068739.5915758  3806784.53662041 3601504.33677149 3400388.11484534\n",
      "  3241573.15985185 3262326.81950134 3578541.3371911  3973519.76594985\n",
      "  3978524.72951686 3813737.16025245 3724986.08143979 3664749.86417121]\n",
      " [3651261.42074436 3593972.42906204 3584445.71424007 3581398.92405266\n",
      "  3606440.09874243 3706220.65178585 3961139.28133291 4379778.12707227\n",
      "  4605612.72775403 4487342.37140456 4367195.42581397 4340390.42700502\n",
      "  4269101.75300974 4199759.32360804 4148908.35188121 4064934.19068909\n",
      "  3974490.27094251 3993367.22802448 4187723.23101282 4418621.97024751\n",
      "  4283520.49396694 4033734.80637115 3949375.99045742 3814433.19334987]\n",
      " [3582531.52497452 3416735.17519298 3311972.70713273 3230919.45271072\n",
      "  3189847.16752177 3228767.37335026 3416116.32328585 3727392.68042195\n",
      "  3944087.5333578  3983470.2497409  4068739.5915758  4269101.75300974\n",
      "  4424486.6746245  4545002.61700577 4647906.94420987 4680265.13495952\n",
      "  4659298.81005639 4678558.97999173 4755502.06880862 4828819.18854362\n",
      "  4561053.89349335 4233879.10060698 4150677.01608062 3941351.25211439]\n",
      " [3506423.67895782 3247752.85859698 3062052.37485841 2914726.34460178\n",
      "  2818192.41119808 2806815.79520658 2942396.99331111 3174847.84480938\n",
      "  3384584.86903426 3551899.71902102 3806784.53662041 4199759.32360804\n",
      "  4545002.61700577 4841940.06068623 5084090.79445261 5222313.72655559\n",
      "  5264185.22678477 5285523.01524258 5258735.6487475  5193840.24988788\n",
      "  4811830.25045985 4419895.04624909 4332860.98531246 4051443.46077523]\n",
      " [3434837.90610129 3100144.0371384  2849165.42617425 2648473.92037877\n",
      "  2507866.64382032 2458769.02228132 2560262.37223339 2743431.78177407\n",
      "  2950750.97475785 3214777.11161277 3601504.33677149 4148908.35188121\n",
      "  4647906.94420987 5084090.79445261 5472757.48032463 5679365.76899385\n",
      "  5775449.3815425  5799486.15876436 5685772.24555492 5504483.10257322\n",
      "  5027548.40905464 4580567.70240134 4487608.24429464 4141780.15448022]\n",
      " [3365678.64325777 2973665.40561193 2673455.09986091 2432112.84309694\n",
      "  2257396.18515903 2176254.63321599 2242324.79531965 2370409.1936788\n",
      "  2568310.6768429  2910613.42700851 3400388.11484534 4064934.19068909\n",
      "  4680265.13495952 5222313.72655559 5679365.76899385 5985768.56744581\n",
      "  6129213.65510678 6161969.37460667 5990642.29374605 5721881.76856625\n",
      "  5168795.76098639 4679029.83945084 4582061.39130402 4190904.87083453]\n",
      " [3316301.53794411 2892512.64916927 2564059.60917178 2299161.93265343\n",
      "  2103739.8477504  1999758.04316244 2032925.52852347 2105084.37730259\n",
      "  2289552.36780384 2685504.24125922 3241573.15985185 3974490.27094251\n",
      "  4659298.81005639 5264185.22678477 5775449.3815425  6129213.65510678\n",
      "  6317204.39563698 6366421.26090014 6178735.17713463 5864064.00382882\n",
      "  5262857.32161844 4741404.24290752 4639974.27969027 4225432.24665773]\n",
      " [3366733.6119774  2945362.07888982 2618588.29669851 2354668.27898216\n",
      "  2159375.44846907 2052240.83938029 2074302.05717224 2123756.00690302\n",
      "  2300564.21144238 2702116.25480002 3262326.81950134 3993367.22802448\n",
      "  4678558.97999173 5285523.01524258 5799486.15876436 6161969.37460667\n",
      "  6366421.26090014 6446973.92512947 6305152.85890579 6007739.89538419\n",
      "  5393311.01727957 4851686.09406745 4741845.70197469 4326368.92328596]\n",
      " [3598292.03471193 3239692.48350525 2966482.20902935 2745415.49673268\n",
      "  2585370.07771534 2506807.51512229 2545970.18957937 2609696.09157571\n",
      "  2784539.22436708 3116443.65773711 3578541.3371911  4187723.23101282\n",
      "  4755502.06880862 5258735.6487475  5685772.24555492 5990642.29374605\n",
