{
 "cells": [
  {
   "cell_type": "code",
   "execution_count": 1,
   "metadata": {
    "ExecuteTime": {
     "end_time": "2021-02-20T01:03:53.083388Z",
     "start_time": "2021-02-20T01:03:43.492565Z"
    }
   },
   "outputs": [],
   "source": [
    "from pyspark import SparkContext\n",
    "from pyspark.sql import SQLContext\n",
    "from pyspark.sql.functions import split, col\n",
    "import os\n",
    "import numpy as np\n",
    "from numpy import linalg as LA\n",
    "import matplotlib.pyplot as plt"
   ]
  },
  {
   "cell_type": "code",
   "execution_count": 2,
   "metadata": {
    "ExecuteTime": {
     "end_time": "2021-02-20T01:04:05.142469Z",
     "start_time": "2021-02-20T01:03:53.094703Z"
    }
   },
   "outputs": [],
   "source": [
    "sc = SparkContext(master=\"local[4]\")\n",
    "sqlContext = SQLContext(sc)"
   ]
  },
  {
   "cell_type": "code",
   "execution_count": 22,
   "metadata": {
    "ExecuteTime": {
     "end_time": "2021-02-20T01:17:53.054693Z",
     "start_time": "2021-02-20T01:17:52.270187Z"
    }
   },
   "outputs": [
    {
     "name": "stdout",
     "output_type": "stream",
     "text": [
      "File does not exist\r\n"
     ]
    }
   ],
   "source": [
    "! [ -e /Elec_Data/AEP_houly ] && echo \"File exist\" || echo \"File does not exist\""
   ]
  },
  {
   "cell_type": "code",
   "execution_count": 16,
   "metadata": {
    "ExecuteTime": {
     "end_time": "2021-02-20T01:12:49.732473Z",
     "start_time": "2021-02-20T01:12:47.426179Z"
    }
   },
   "outputs": [
    {
     "name": "stdout",
     "output_type": "stream",
     "text": [
      "/bin/sh: 1: Syntax error: end of file unexpected\n",
      " exists.\n"
     ]
    }
   ],
   "source": [
    "!FILE=Elec_Data/AEP_houly.csv\n",
    "!if test -f \"$FILE\"; then\n",
    "!    echo \"$FILE exists.\""
   ]
  },
  {
   "cell_type": "code",
   "execution_count": 17,
   "metadata": {
    "ExecuteTime": {
     "end_time": "2021-02-20T01:13:33.730382Z",
     "start_time": "2021-02-20T01:13:33.725378Z"
    }
   },
   "outputs": [],
   "source": [
    "#!wget 'https://www.kaggle.com/robikscube/hourly-energy-consumption/download/AEP_hourly.csv.zip' -P Elec_Data/\n",
    "#!unzip AEP_hourly.csv.zip -d Elec_Data\n",
    "#!rm -f Elec_Data/AEP_houly.csv.zip"
   ]
  },
  {
   "cell_type": "code",
   "execution_count": 3,
   "metadata": {
    "ExecuteTime": {
     "end_time": "2021-02-20T01:04:19.439527Z",
     "start_time": "2021-02-20T01:04:10.363799Z"
    }
   },
   "outputs": [
    {
     "name": "stdout",
     "output_type": "stream",
     "text": [
      "Schema for original dataframe formed from data file:\n",
      "root\n",
      " |-- Datetime: string (nullable = true)\n",
      " |-- AEP_MW: string (nullable = true)\n",
      "\n",
      "Fixed schema for original dataframe:\n",
      "root\n",
      " |-- Datetime: string (nullable = true)\n",
      " |-- AEP_MW: double (nullable = true)\n",
      "\n",
      "+-------------------+-------+\n",
      "|           Datetime| AEP_MW|\n",
      "+-------------------+-------+\n",
      "|2004-12-31 01:00:00|13478.0|\n",
      "|2004-12-31 02:00:00|12865.0|\n",
      "|2004-12-31 03:00:00|12577.0|\n",
      "|2004-12-31 04:00:00|12517.0|\n",
      "|2004-12-31 05:00:00|12670.0|\n",
      "|2004-12-31 06:00:00|13038.0|\n",
      "|2004-12-31 07:00:00|13692.0|\n",
      "|2004-12-31 08:00:00|14297.0|\n",
      "|2004-12-31 09:00:00|14719.0|\n",
      "|2004-12-31 10:00:00|14941.0|\n",
      "|2004-12-31 11:00:00|15184.0|\n",
      "|2004-12-31 12:00:00|15009.0|\n",
      "|2004-12-31 13:00:00|14808.0|\n",
      "|2004-12-31 14:00:00|14522.0|\n",
      "|2004-12-31 15:00:00|14349.0|\n",
      "|2004-12-31 16:00:00|14107.0|\n",
      "|2004-12-31 17:00:00|14410.0|\n",
      "|2004-12-31 18:00:00|15174.0|\n",
      "|2004-12-31 19:00:00|15261.0|\n",
      "|2004-12-31 20:00:00|14774.0|\n",
      "+-------------------+-------+\n",
      "only showing top 20 rows\n",
      "\n"
     ]
    }
   ],
   "source": [
    "#load file data into sqlcontext dataframe\n",
    "#fix schema for MW-per hr field to double\n",
    "\n",
    "df_orig_1 = sqlContext.read.format(\"csv\").option(\"header\", \"true\").load(\"Elec_Data/AEP_hourly.csv\")\n",
    "print(\"Schema for original dataframe formed from data file:\")\n",
    "df_orig_1.printSchema()\n",
    "df_orig_2 = df_orig_1.withColumn('AEP_MW', df_orig_1['AEP_MW'].cast('double'))\n",
    "print(\"Fixed schema for original dataframe:\")\n",
    "df_orig_2.printSchema()\n",
    "df_orig_2.show()"
   ]
  },
  {
   "cell_type": "code",
   "execution_count": null,
   "metadata": {},
   "outputs": [],
   "source": []
  },
  {
   "cell_type": "code",
   "execution_count": 5,
   "metadata": {
    "ExecuteTime": {
     "end_time": "2021-02-20T01:04:42.167847Z",
     "start_time": "2021-02-20T01:04:41.275613Z"
    }
   },
   "outputs": [],
   "source": [
    "#split data frame to have date elements in separate columns\n",
    "\n",
    "split_col = split(df_orig_2['Datetime'], '-')\n",
    "df_orig_2 = df_orig_2.withColumn('year', split_col.getItem(0))\n",
    "df_orig_2 = df_orig_2.withColumn('month', split_col.getItem(1))\n",
    "df_orig_2 = df_orig_2.withColumn('daytime', split_col.getItem(2))\n",
    "split_last_col = split(df_orig_2['daytime'], ' ')\n",
    "df_orig_2 = df_orig_2.withColumn('day', split_last_col.getItem(0))\n",
    "df_orig_2 = df_orig_2.withColumn('hour', split_last_col.getItem(1)[0:2])\n",
    "df_orig_2 = df_orig_2.drop(\"Datetime\")\n",
    "df_orig_2 = df_orig_2.drop(\"daytime\")"
   ]
  },
  {
   "cell_type": "code",
   "execution_count": 6,
   "metadata": {
    "ExecuteTime": {
     "end_time": "2021-02-20T01:04:45.303467Z",
     "start_time": "2021-02-20T01:04:44.190003Z"
    }
   },
   "outputs": [
    {
     "name": "stdout",
     "output_type": "stream",
     "text": [
      "+-------+----+-----+---+----+\n",
      "| AEP_MW|year|month|day|hour|\n",
      "+-------+----+-----+---+----+\n",
      "|13478.0|2004|   12| 31|  01|\n",
      "|12865.0|2004|   12| 31|  02|\n",
      "|12577.0|2004|   12| 31|  03|\n",
      "|12517.0|2004|   12| 31|  04|\n",
      "|12670.0|2004|   12| 31|  05|\n",
      "|13038.0|2004|   12| 31|  06|\n",
      "|13692.0|2004|   12| 31|  07|\n",
      "|14297.0|2004|   12| 31|  08|\n",
      "|14719.0|2004|   12| 31|  09|\n",
      "|14941.0|2004|   12| 31|  10|\n",
      "|15184.0|2004|   12| 31|  11|\n",
      "|15009.0|2004|   12| 31|  12|\n",
      "|14808.0|2004|   12| 31|  13|\n",
      "|14522.0|2004|   12| 31|  14|\n",
      "|14349.0|2004|   12| 31|  15|\n",
      "|14107.0|2004|   12| 31|  16|\n",
      "|14410.0|2004|   12| 31|  17|\n",
      "|15174.0|2004|   12| 31|  18|\n",
      "|15261.0|2004|   12| 31|  19|\n",
      "|14774.0|2004|   12| 31|  20|\n",
      "+-------+----+-----+---+----+\n",
      "only showing top 20 rows\n",
      "\n"
     ]
    },
    {
     "data": {
      "text/plain": [
       "121273"
      ]
     },
     "execution_count": 6,
     "metadata": {},
     "output_type": "execute_result"
    }
   ],
   "source": [
    "df_orig_2.show()\n",
    "df_orig_2.count()"
   ]
  },
  {
   "cell_type": "code",
   "execution_count": 7,
   "metadata": {
    "ExecuteTime": {
     "end_time": "2021-02-20T01:04:49.100496Z",
     "start_time": "2021-02-20T01:04:47.214102Z"
    }
   },
   "outputs": [
    {
     "name": "stdout",
     "output_type": "stream",
     "text": [
      "+----+-----+\n",
      "|year|count|\n",
      "+----+-----+\n",
      "|2004| 2206|\n",
      "|2005| 8758|\n",
      "|2006| 8758|\n",
      "|2007| 8758|\n",
      "|2008| 8782|\n",
      "|2009| 8758|\n",
      "|2010| 8757|\n",
      "|2011| 8758|\n",
      "|2012| 8781|\n",
      "|2013| 8758|\n",
      "|2014| 8759|\n",
      "|2015| 8760|\n",
      "|2016| 8784|\n",
      "|2017| 8760|\n",
      "|2018| 5136|\n",
      "+----+-----+\n",
      "\n"
     ]
    }
   ],
   "source": [
    "sqlContext.registerDataFrameAsTable(df_orig_2,'elec_data')\n",
    "query=\"\"\"\n",
    "SELECT year ,COUNT(AEP_MW) AS count \n",
    "FROM elec_data \n",
    "GROUP BY year \n",
    "ORDER BY year\n",
    "\"\"\"\n",
    "sqlContext.sql(query).show()"
   ]
  },
  {
   "cell_type": "code",
   "execution_count": 8,
   "metadata": {
    "ExecuteTime": {
     "end_time": "2021-02-20T01:04:52.376088Z",
     "start_time": "2021-02-20T01:04:49.640335Z"
    }
   },
   "outputs": [
    {
     "name": "stdout",
     "output_type": "stream",
     "text": [
      "0\n"
     ]
    }
   ],
   "source": [
    "query=\"\"\"\n",
    "SELECT  AEP_MW, day, month, year, hour \n",
    "FROM elec_data\n",
    " WHERE\n",
    "(year>=2005 and year<=2017)\n",
    "\"\"\"\n",
    "\n",
    "df_test_nan=sqlContext.sql(query)\n",
    "rdd_test_nan=df_test_nan.rdd.map(lambda row: np.float(row['AEP_MW']))\n",
    "UnDef=rdd_test_nan.map(lambda row:np.int(np.isnan(row))).sum()\n",
    "print(UnDef)"
   ]
  },
  {
   "cell_type": "code",
   "execution_count": 9,
   "metadata": {
    "ExecuteTime": {
     "end_time": "2021-02-20T01:04:58.247042Z",
     "start_time": "2021-02-20T01:04:56.383387Z"
    }
   },
   "outputs": [
    {
     "name": "stdout",
     "output_type": "stream",
     "text": [
      "+-----+---+----+----------+\n",
      "|month|day|year|count_meas|\n",
      "+-----+---+----+----------+\n",
      "|   11| 04|2012|        23|\n",
      "|   03| 14|2010|        23|\n",
      "|   03| 13|2016|        23|\n",
      "|   04| 03|2005|        23|\n",
      "|   03| 11|2014|        23|\n",
      "|   12| 10|2010|        23|\n",
      "|   11| 02|2008|        23|\n",
      "|   11| 06|2011|        23|\n",
      "|   03| 08|2015|        23|\n",
      "|   10| 29|2006|        23|\n",
      "|   03| 10|2013|        23|\n",
      "|   11| 07|2010|        23|\n",
      "|   11| 01|2009|        23|\n",
      "|   03| 09|2008|        23|\n",
      "|   03| 11|2012|        23|\n",
      "|   03| 11|2007|        23|\n",
      "|   12| 06|2012|        23|\n",
      "|   11| 03|2013|        23|\n",
      "|   03| 12|2017|        23|\n",
      "|   03| 09|2014|        23|\n",
      "|   03| 08|2009|        23|\n",
      "|   03| 13|2011|        23|\n",
      "|   04| 02|2006|        23|\n",
      "|   11| 04|2007|        23|\n",
      "|   10| 30|2005|        23|\n",
      "|   01| 11|2010|        24|\n",
      "+-----+---+----+----------+\n",
      "only showing top 26 rows\n",
      "\n"
     ]
    }
   ],
   "source": [
    "query=\"\"\"\n",
    "SELECT  month, day , year, count(AEP_MW) as count_meas\n",
    "FROM elec_data\n",
    "WHERE\n",
    "year>=2005 and year<=2017\n",
    "GROUP BY month, day, year\n",
    "ORDER BY count_meas ASC\n",
    "\n",
    "\"\"\"\n",
    "df_mix_days=sqlContext.sql(query)\n",
    "df_mix_days.show(26)\n",
    "sqlContext.registerDataFrameAsTable(df_mix_days,'mix_days_data')"
   ]
  },
  {
   "cell_type": "code",
   "execution_count": 10,
   "metadata": {
    "ExecuteTime": {
     "end_time": "2021-02-20T01:05:05.904311Z",
     "start_time": "2021-02-20T01:04:59.001203Z"
    }
   },
   "outputs": [
    {
     "name": "stdout",
     "output_type": "stream",
     "text": [
      "+-----+---+----+-------+----+----------+\n",
      "|month|day|year| AEP_MW|hour|count_meas|\n",
      "+-----+---+----+-------+----+----------+\n",
      "|   01| 01|2005|12892.0|  00|        24|\n",
      "|   12| 31|2005|14254.0|  01|        24|\n",
      "|   12| 31|2005|13761.0|  02|        24|\n",
      "|   12| 31|2005|13445.0|  03|        24|\n",
      "|   12| 31|2005|13306.0|  04|        24|\n",
      "|   12| 31|2005|13219.0|  05|        24|\n",
      "|   12| 31|2005|13433.0|  06|        24|\n",
      "|   12| 31|2005|13740.0|  07|        24|\n",
      "|   12| 31|2005|14354.0|  08|        24|\n",
      "|   12| 31|2005|14772.0|  09|        24|\n",
      "|   12| 31|2005|15354.0|  10|        24|\n",
      "|   12| 31|2005|15688.0|  11|        24|\n",
      "|   12| 31|2005|15650.0|  12|        24|\n",
      "|   12| 31|2005|15489.0|  13|        24|\n",
      "|   12| 31|2005|15257.0|  14|        24|\n",
      "|   12| 31|2005|15239.0|  15|        24|\n",
      "|   12| 31|2005|15216.0|  16|        24|\n",
      "|   12| 31|2005|15469.0|  17|        24|\n",
      "|   12| 31|2005|16400.0|  18|        24|\n",
      "|   12| 31|2005|16462.0|  19|        24|\n",
      "+-----+---+----+-------+----+----------+\n",
      "only showing top 20 rows\n",
      "\n"
     ]
    },
    {
     "data": {
      "text/plain": [
       "113931"
      ]
     },
     "execution_count": 10,
     "metadata": {},
     "output_type": "execute_result"
    }
   ],
   "source": [
    "df_hourly_pre=df_orig_2.join(df_mix_days, on=['month', 'day','year'], how='inner')\n",
    "df_hourly_pre.show()\n",
    "sqlContext.registerDataFrameAsTable(df_hourly_pre,'hourly_data_daily_count')\n",
    "df_hourly_pre.count()"
   ]
  },
  {
   "cell_type": "code",
   "execution_count": 13,
   "metadata": {
    "ExecuteTime": {
     "end_time": "2021-02-20T01:05:20.996223Z",
     "start_time": "2021-02-20T01:05:20.930627Z"
    }
   },
   "outputs": [],
   "source": [
    "query=\"\"\"\n",
    "SELECT  * \n",
    "FROM hourly_data_daily_count\n",
    "WHERE count_meas==24\n",
    "ORDER BY year, month, day, hour\n",
    "\"\"\"\n",
    "\n",
    "df_full_data_hourly=sqlContext.sql(query)\n",
    "sqlContext.registerDataFrameAsTable(df_full_data_hourly,'used_data_hourly')\n"
   ]
  },
  {
   "cell_type": "code",
   "execution_count": 14,
   "metadata": {
    "ExecuteTime": {
     "end_time": "2021-02-20T01:05:39.535370Z",
     "start_time": "2021-02-20T01:05:24.903161Z"
    }
   },
   "outputs": [
    {
     "name": "stdout",
     "output_type": "stream",
     "text": [
      "+------------------+----+\n",
      "|     avg_MW_per_hr|hour|\n",
      "+------------------+----+\n",
      "| 14671.88874761602|  00|\n",
      "| 13904.05785123967|  01|\n",
      "|13439.855054036872|  02|\n",
      "|13188.196863742318|  03|\n",
      "|  13097.7819453274|  04|\n",
      "|13242.179275270184|  05|\n",
      "|13806.066539521085|  06|\n",
      "|14792.432930705658|  07|\n",
      "|15490.261284170376|  08|\n",
      "|15836.711591438865|  09|\n",
      "|16103.594193685103|  10|\n",
      "|16333.905700360247|  11|\n",
      "|16432.198770926043|  12|\n",
      "| 16516.83619410892|  13|\n",
      "| 16578.50455605001|  14|\n",
      "|16540.633396906123|  15|\n",
      "|16493.837253655434|  16|\n",
      "|16591.548421275693|  17|\n",
      "|16806.708200890018|  18|\n",
      "|16906.230557321465|  19|\n",
      "|16854.240517058697|  20|\n",
      "| 16797.99385463022|  21|\n",
      "| 16504.56622165713|  22|\n",
      "|15662.884085611358|  23|\n",
      "+------------------+----+\n",
      "\n"
     ]
    }
   ],
   "source": [
    "query=\"\"\"\n",
    "SELECT  AVG(AEP_MW) AS avg_MW_per_hr , hour \n",
    "FROM used_data_hourly\n",
    "GROUP BY hour\n",
    "ORDER BY hour\n",
    "\"\"\"\n",
    "\n",
    "df_full_days=sqlContext.sql(query)\n",
    "df_full_days.show(24)\n",
    "rdd_hour_avg_pre=df_full_days.rdd.map(lambda row: np.float(row['avg_MW_per_hr']))\n",
    "hour_avg_array=np.array(rdd_hour_avg_pre.collect())\n",
    "\n",
    "#rdd_hour_avg = np.concatenate(np.array(rdd_hour_avg_pre).ravel().tolist()"
   ]
  },
  {
   "cell_type": "code",
   "execution_count": 12,
   "metadata": {
    "ExecuteTime": {
     "end_time": "2021-02-20T01:05:09.948785Z",
     "start_time": "2021-02-20T01:05:09.858645Z"
    }
   },
   "outputs": [
    {
     "ename": "AnalysisException",
     "evalue": "'Table or view not found: used_data_hourly; line 3 pos 5'",
     "output_type": "error",
     "traceback": [
      "\u001b[0;31m---------------------------------------------------------------------------\u001b[0m",
      "\u001b[0;31mPy4JJavaError\u001b[0m                             Traceback (most recent call last)",
      "\u001b[0;32m/usr/local/spark/python/pyspark/sql/utils.py\u001b[0m in \u001b[0;36mdeco\u001b[0;34m(*a, **kw)\u001b[0m\n\u001b[1;32m     62\u001b[0m         \u001b[0;32mtry\u001b[0m\u001b[0;34m:\u001b[0m\u001b[0;34m\u001b[0m\u001b[0m\n\u001b[0;32m---> 63\u001b[0;31m             \u001b[0;32mreturn\u001b[0m \u001b[0mf\u001b[0m\u001b[0;34m(\u001b[0m\u001b[0;34m*\u001b[0m\u001b[0ma\u001b[0m\u001b[0;34m,\u001b[0m \u001b[0;34m**\u001b[0m\u001b[0mkw\u001b[0m\u001b[0;34m)\u001b[0m\u001b[0;34m\u001b[0m\u001b[0m\n\u001b[0m\u001b[1;32m     64\u001b[0m         \u001b[0;32mexcept\u001b[0m \u001b[0mpy4j\u001b[0m\u001b[0;34m.\u001b[0m\u001b[0mprotocol\u001b[0m\u001b[0;34m.\u001b[0m\u001b[0mPy4JJavaError\u001b[0m \u001b[0;32mas\u001b[0m \u001b[0me\u001b[0m\u001b[0;34m:\u001b[0m\u001b[0;34m\u001b[0m\u001b[0m\n",
      "\u001b[0;32m/usr/local/spark/python/lib/py4j-0.10.6-src.zip/py4j/protocol.py\u001b[0m in \u001b[0;36mget_return_value\u001b[0;34m(answer, gateway_client, target_id, name)\u001b[0m\n\u001b[1;32m    319\u001b[0m                     \u001b[0;34m\"An error occurred while calling {0}{1}{2}.\\n\"\u001b[0m\u001b[0;34m.\u001b[0m\u001b[0;34m\u001b[0m\u001b[0m\n\u001b[0;32m--> 320\u001b[0;31m                     format(target_id, \".\", name), value)\n\u001b[0m\u001b[1;32m    321\u001b[0m             \u001b[0;32melse\u001b[0m\u001b[0;34m:\u001b[0m\u001b[0;34m\u001b[0m\u001b[0m\n",
      "\u001b[0;31mPy4JJavaError\u001b[0m: An error occurred while calling o21.sql.\n: org.apache.spark.sql.AnalysisException: Table or view not found: used_data_hourly; line 3 pos 5\n\tat org.apache.spark.sql.catalyst.analysis.package$AnalysisErrorAt.failAnalysis(package.scala:42)\n\tat org.apache.spark.sql.catalyst.analysis.Analyzer$ResolveRelations$.org$apache$spark$sql$catalyst$analysis$Analyzer$ResolveRelations$$lookupTableFromCatalog(Analyzer.scala:663)\n\tat org.apache.spark.sql.catalyst.analysis.Analyzer$ResolveRelations$.resolveRelation(Analyzer.scala:615)\n\tat org.apache.spark.sql.catalyst.analysis.Analyzer$ResolveRelations$$anonfun$apply$8.applyOrElse(Analyzer.scala:645)\n\tat org.apache.spark.sql.catalyst.analysis.Analyzer$ResolveRelations$$anonfun$apply$8.applyOrElse(Analyzer.scala:638)\n\tat org.apache.spark.sql.catalyst.trees.TreeNode$$anonfun$transformUp$1.apply(TreeNode.scala:289)\n\tat org.apache.spark.sql.catalyst.trees.TreeNode$$anonfun$transformUp$1.apply(TreeNode.scala:289)\n\tat org.apache.spark.sql.catalyst.trees.CurrentOrigin$.withOrigin(TreeNode.scala:70)\n\tat org.apache.spark.sql.catalyst.trees.TreeNode.transformUp(TreeNode.scala:288)\n\tat org.apache.spark.sql.catalyst.trees.TreeNode$$anonfun$3.apply(TreeNode.scala:286)\n\tat org.apache.spark.sql.catalyst.trees.TreeNode$$anonfun$3.apply(TreeNode.scala:286)\n\tat org.apache.spark.sql.catalyst.trees.TreeNode$$anonfun$4.apply(TreeNode.scala:306)\n\tat org.apache.spark.sql.catalyst.trees.TreeNode.mapProductIterator(TreeNode.scala:187)\n\tat org.apache.spark.sql.catalyst.trees.TreeNode.mapChildren(TreeNode.scala:304)\n\tat org.apache.spark.sql.catalyst.trees.TreeNode.transformUp(TreeNode.scala:286)\n\tat org.apache.spark.sql.catalyst.trees.TreeNode$$anonfun$3.apply(TreeNode.scala:286)\n\tat org.apache.spark.sql.catalyst.trees.TreeNode$$anonfun$3.apply(TreeNode.scala:286)\n\tat org.apache.spark.sql.catalyst.trees.TreeNode$$anonfun$4.apply(TreeNode.scala:306)\n\tat org.apache.spark.sql.catalyst.trees.TreeNode.mapProductIterator(TreeNode.scala:187)\n\tat org.apache.spark.sql.catalyst.trees.TreeNode.mapChildren(TreeNode.scala:304)\n\tat org.apache.spark.sql.catalyst.trees.TreeNode.transformUp(TreeNode.scala:286)\n\tat org.apache.spark.sql.catalyst.analysis.Analyzer$ResolveRelations$.apply(Analyzer.scala:638)\n\tat org.apache.spark.sql.catalyst.analysis.Analyzer$ResolveRelations$.apply(Analyzer.scala:584)\n\tat org.apache.spark.sql.catalyst.rules.RuleExecutor$$anonfun$execute$1$$anonfun$apply$1.apply(RuleExecutor.scala:87)\n\tat org.apache.spark.sql.catalyst.rules.RuleExecutor$$anonfun$execute$1$$anonfun$apply$1.apply(RuleExecutor.scala:84)\n\tat scala.collection.LinearSeqOptimized$class.foldLeft(LinearSeqOptimized.scala:124)\n\tat scala.collection.immutable.List.foldLeft(List.scala:84)\n\tat org.apache.spark.sql.catalyst.rules.RuleExecutor$$anonfun$execute$1.apply(RuleExecutor.scala:84)\n\tat org.apache.spark.sql.catalyst.rules.RuleExecutor$$anonfun$execute$1.apply(RuleExecutor.scala:76)\n\tat scala.collection.immutable.List.foreach(List.scala:381)\n\tat org.apache.spark.sql.catalyst.rules.RuleExecutor.execute(RuleExecutor.scala:76)\n\tat org.apache.spark.sql.catalyst.analysis.Analyzer.org$apache$spark$sql$catalyst$analysis$Analyzer$$executeSameContext(Analyzer.scala:123)\n\tat org.apache.spark.sql.catalyst.analysis.Analyzer.execute(Analyzer.scala:117)\n\tat org.apache.spark.sql.catalyst.analysis.Analyzer.executeAndCheck(Analyzer.scala:102)\n\tat org.apache.spark.sql.execution.QueryExecution.analyzed$lzycompute(QueryExecution.scala:57)\n\tat org.apache.spark.sql.execution.QueryExecution.analyzed(QueryExecution.scala:55)\n\tat org.apache.spark.sql.execution.QueryExecution.assertAnalyzed(QueryExecution.scala:47)\n\tat org.apache.spark.sql.Dataset$.ofRows(Dataset.scala:74)\n\tat org.apache.spark.sql.SparkSession.sql(SparkSession.scala:638)\n\tat sun.reflect.NativeMethodAccessorImpl.invoke0(Native Method)\n\tat sun.reflect.NativeMethodAccessorImpl.invoke(NativeMethodAccessorImpl.java:62)\n\tat sun.reflect.DelegatingMethodAccessorImpl.invoke(DelegatingMethodAccessorImpl.java:43)\n\tat java.lang.reflect.Method.invoke(Method.java:498)\n\tat py4j.reflection.MethodInvoker.invoke(MethodInvoker.java:244)\n\tat py4j.reflection.ReflectionEngine.invoke(ReflectionEngine.java:357)\n\tat py4j.Gateway.invoke(Gateway.java:282)\n\tat py4j.commands.AbstractCommand.invokeMethod(AbstractCommand.java:132)\n\tat py4j.commands.CallCommand.execute(CallCommand.java:79)\n\tat py4j.GatewayConnection.run(GatewayConnection.java:214)\n\tat java.lang.Thread.run(Thread.java:748)\n",
      "\nDuring handling of the above exception, another exception occurred:\n",
      "\u001b[0;31mAnalysisException\u001b[0m                         Traceback (most recent call last)",
      "\u001b[0;32m<ipython-input-12-037cdaa1750a>\u001b[0m in \u001b[0;36m<module>\u001b[0;34m()\u001b[0m\n\u001b[1;32m      4\u001b[0m \u001b[0mORDER\u001b[0m \u001b[0mBY\u001b[0m \u001b[0myear\u001b[0m\u001b[0;34m,\u001b[0m \u001b[0mmonth\u001b[0m\u001b[0;34m,\u001b[0m \u001b[0mday\u001b[0m\u001b[0;34m,\u001b[0m \u001b[0mhour\u001b[0m\u001b[0;34m\u001b[0m\u001b[0m\n\u001b[1;32m      5\u001b[0m \"\"\"\n\u001b[0;32m----> 6\u001b[0;31m \u001b[0mdf_pre_format_hours\u001b[0m\u001b[0;34m=\u001b[0m\u001b[0msqlContext\u001b[0m\u001b[0;34m.\u001b[0m\u001b[0msql\u001b[0m\u001b[0;34m(\u001b[0m\u001b[0mquery\u001b[0m\u001b[0;34m)\u001b[0m\u001b[0;34m\u001b[0m\u001b[0m\n\u001b[0m\u001b[1;32m      7\u001b[0m \u001b[0mdf_pre_format_hours\u001b[0m\u001b[0;34m.\u001b[0m\u001b[0mshow\u001b[0m\u001b[0;34m(\u001b[0m\u001b[0;36m48\u001b[0m\u001b[0;34m)\u001b[0m\u001b[0;34m\u001b[0m\u001b[0m\n\u001b[1;32m      8\u001b[0m \u001b[0msqlContext\u001b[0m\u001b[0;34m.\u001b[0m\u001b[0mregisterDataFrameAsTable\u001b[0m\u001b[0;34m(\u001b[0m\u001b[0mdf_pre_format_hours\u001b[0m\u001b[0;34m,\u001b[0m\u001b[0;34m'elec_data_ordered_hrs'\u001b[0m\u001b[0;34m)\u001b[0m\u001b[0;34m\u001b[0m\u001b[0m\n",
      "\u001b[0;32m/usr/local/spark/python/pyspark/sql/context.py\u001b[0m in \u001b[0;36msql\u001b[0;34m(self, sqlQuery)\u001b[0m\n\u001b[1;32m    351\u001b[0m         \u001b[0;34m[\u001b[0m\u001b[0mRow\u001b[0m\u001b[0;34m(\u001b[0m\u001b[0mf1\u001b[0m\u001b[0;34m=\u001b[0m\u001b[0;36m1\u001b[0m\u001b[0;34m,\u001b[0m \u001b[0mf2\u001b[0m\u001b[0;34m=\u001b[0m\u001b[0;34mu'row1'\u001b[0m\u001b[0;34m)\u001b[0m\u001b[0;34m,\u001b[0m \u001b[0mRow\u001b[0m\u001b[0;34m(\u001b[0m\u001b[0mf1\u001b[0m\u001b[0;34m=\u001b[0m\u001b[0;36m2\u001b[0m\u001b[0;34m,\u001b[0m \u001b[0mf2\u001b[0m\u001b[0;34m=\u001b[0m\u001b[0;34mu'row2'\u001b[0m\u001b[0;34m)\u001b[0m\u001b[0;34m,\u001b[0m \u001b[0mRow\u001b[0m\u001b[0;34m(\u001b[0m\u001b[0mf1\u001b[0m\u001b[0;34m=\u001b[0m\u001b[0;36m3\u001b[0m\u001b[0;34m,\u001b[0m \u001b[0mf2\u001b[0m\u001b[0;34m=\u001b[0m\u001b[0;34mu'row3'\u001b[0m\u001b[0;34m)\u001b[0m\u001b[0;34m]\u001b[0m\u001b[0;34m\u001b[0m\u001b[0m\n\u001b[1;32m    352\u001b[0m         \"\"\"\n\u001b[0;32m--> 353\u001b[0;31m         \u001b[0;32mreturn\u001b[0m \u001b[0mself\u001b[0m\u001b[0;34m.\u001b[0m\u001b[0msparkSession\u001b[0m\u001b[0;34m.\u001b[0m\u001b[0msql\u001b[0m\u001b[0;34m(\u001b[0m\u001b[0msqlQuery\u001b[0m\u001b[0;34m)\u001b[0m\u001b[0;34m\u001b[0m\u001b[0m\n\u001b[0m\u001b[1;32m    354\u001b[0m \u001b[0;34m\u001b[0m\u001b[0m\n\u001b[1;32m    355\u001b[0m     \u001b[0;34m@\u001b[0m\u001b[0msince\u001b[0m\u001b[0;34m(\u001b[0m\u001b[0;36m1.0\u001b[0m\u001b[0;34m)\u001b[0m\u001b[0;34m\u001b[0m\u001b[0m\n",
      "\u001b[0;32m/usr/local/spark/python/pyspark/sql/session.py\u001b[0m in \u001b[0;36msql\u001b[0;34m(self, sqlQuery)\u001b[0m\n\u001b[1;32m    706\u001b[0m         \u001b[0;34m[\u001b[0m\u001b[0mRow\u001b[0m\u001b[0;34m(\u001b[0m\u001b[0mf1\u001b[0m\u001b[0;34m=\u001b[0m\u001b[0;36m1\u001b[0m\u001b[0;34m,\u001b[0m \u001b[0mf2\u001b[0m\u001b[0;34m=\u001b[0m\u001b[0;34mu'row1'\u001b[0m\u001b[0;34m)\u001b[0m\u001b[0;34m,\u001b[0m \u001b[0mRow\u001b[0m\u001b[0;34m(\u001b[0m\u001b[0mf1\u001b[0m\u001b[0;34m=\u001b[0m\u001b[0;36m2\u001b[0m\u001b[0;34m,\u001b[0m \u001b[0mf2\u001b[0m\u001b[0;34m=\u001b[0m\u001b[0;34mu'row2'\u001b[0m\u001b[0;34m)\u001b[0m\u001b[0;34m,\u001b[0m \u001b[0mRow\u001b[0m\u001b[0;34m(\u001b[0m\u001b[0mf1\u001b[0m\u001b[0;34m=\u001b[0m\u001b[0;36m3\u001b[0m\u001b[0;34m,\u001b[0m \u001b[0mf2\u001b[0m\u001b[0;34m=\u001b[0m\u001b[0;34mu'row3'\u001b[0m\u001b[0;34m)\u001b[0m\u001b[0;34m]\u001b[0m\u001b[0;34m\u001b[0m\u001b[0m\n\u001b[1;32m    707\u001b[0m         \"\"\"\n\u001b[0;32m--> 708\u001b[0;31m         \u001b[0;32mreturn\u001b[0m \u001b[0mDataFrame\u001b[0m\u001b[0;34m(\u001b[0m\u001b[0mself\u001b[0m\u001b[0;34m.\u001b[0m\u001b[0m_jsparkSession\u001b[0m\u001b[0;34m.\u001b[0m\u001b[0msql\u001b[0m\u001b[0;34m(\u001b[0m\u001b[0msqlQuery\u001b[0m\u001b[0;34m)\u001b[0m\u001b[0;34m,\u001b[0m \u001b[0mself\u001b[0m\u001b[0;34m.\u001b[0m\u001b[0m_wrapped\u001b[0m\u001b[0;34m)\u001b[0m\u001b[0;34m\u001b[0m\u001b[0m\n\u001b[0m\u001b[1;32m    709\u001b[0m \u001b[0;34m\u001b[0m\u001b[0m\n\u001b[1;32m    710\u001b[0m     \u001b[0;34m@\u001b[0m\u001b[0msince\u001b[0m\u001b[0;34m(\u001b[0m\u001b[0;36m2.0\u001b[0m\u001b[0;34m)\u001b[0m\u001b[0;34m\u001b[0m\u001b[0m\n",
      "\u001b[0;32m/usr/local/spark/python/lib/py4j-0.10.6-src.zip/py4j/java_gateway.py\u001b[0m in \u001b[0;36m__call__\u001b[0;34m(self, *args)\u001b[0m\n\u001b[1;32m   1158\u001b[0m         \u001b[0manswer\u001b[0m \u001b[0;34m=\u001b[0m \u001b[0mself\u001b[0m\u001b[0;34m.\u001b[0m\u001b[0mgateway_client\u001b[0m\u001b[0;34m.\u001b[0m\u001b[0msend_command\u001b[0m\u001b[0;34m(\u001b[0m\u001b[0mcommand\u001b[0m\u001b[0;34m)\u001b[0m\u001b[0;34m\u001b[0m\u001b[0m\n\u001b[1;32m   1159\u001b[0m         return_value = get_return_value(\n\u001b[0;32m-> 1160\u001b[0;31m             answer, self.gateway_client, self.target_id, self.name)\n\u001b[0m\u001b[1;32m   1161\u001b[0m \u001b[0;34m\u001b[0m\u001b[0m\n\u001b[1;32m   1162\u001b[0m         \u001b[0;32mfor\u001b[0m \u001b[0mtemp_arg\u001b[0m \u001b[0;32min\u001b[0m \u001b[0mtemp_args\u001b[0m\u001b[0;34m:\u001b[0m\u001b[0;34m\u001b[0m\u001b[0m\n",
      "\u001b[0;32m/usr/local/spark/python/pyspark/sql/utils.py\u001b[0m in \u001b[0;36mdeco\u001b[0;34m(*a, **kw)\u001b[0m\n\u001b[1;32m     67\u001b[0m                                              e.java_exception.getStackTrace()))\n\u001b[1;32m     68\u001b[0m             \u001b[0;32mif\u001b[0m \u001b[0ms\u001b[0m\u001b[0;34m.\u001b[0m\u001b[0mstartswith\u001b[0m\u001b[0;34m(\u001b[0m\u001b[0;34m'org.apache.spark.sql.AnalysisException: '\u001b[0m\u001b[0;34m)\u001b[0m\u001b[0;34m:\u001b[0m\u001b[0;34m\u001b[0m\u001b[0m\n\u001b[0;32m---> 69\u001b[0;31m                 \u001b[0;32mraise\u001b[0m \u001b[0mAnalysisException\u001b[0m\u001b[0;34m(\u001b[0m\u001b[0ms\u001b[0m\u001b[0;34m.\u001b[0m\u001b[0msplit\u001b[0m\u001b[0;34m(\u001b[0m\u001b[0;34m': '\u001b[0m\u001b[0;34m,\u001b[0m \u001b[0;36m1\u001b[0m\u001b[0;34m)\u001b[0m\u001b[0;34m[\u001b[0m\u001b[0;36m1\u001b[0m\u001b[0;34m]\u001b[0m\u001b[0;34m,\u001b[0m \u001b[0mstackTrace\u001b[0m\u001b[0;34m)\u001b[0m\u001b[0;34m\u001b[0m\u001b[0m\n\u001b[0m\u001b[1;32m     70\u001b[0m             \u001b[0;32mif\u001b[0m \u001b[0ms\u001b[0m\u001b[0;34m.\u001b[0m\u001b[0mstartswith\u001b[0m\u001b[0;34m(\u001b[0m\u001b[0;34m'org.apache.spark.sql.catalyst.analysis'\u001b[0m\u001b[0;34m)\u001b[0m\u001b[0;34m:\u001b[0m\u001b[0;34m\u001b[0m\u001b[0m\n\u001b[1;32m     71\u001b[0m                 \u001b[0;32mraise\u001b[0m \u001b[0mAnalysisException\u001b[0m\u001b[0;34m(\u001b[0m\u001b[0ms\u001b[0m\u001b[0;34m.\u001b[0m\u001b[0msplit\u001b[0m\u001b[0;34m(\u001b[0m\u001b[0;34m': '\u001b[0m\u001b[0;34m,\u001b[0m \u001b[0;36m1\u001b[0m\u001b[0;34m)\u001b[0m\u001b[0;34m[\u001b[0m\u001b[0;36m1\u001b[0m\u001b[0;34m]\u001b[0m\u001b[0;34m,\u001b[0m \u001b[0mstackTrace\u001b[0m\u001b[0;34m)\u001b[0m\u001b[0;34m\u001b[0m\u001b[0m\n",
      "\u001b[0;31mAnalysisException\u001b[0m: 'Table or view not found: used_data_hourly; line 3 pos 5'"
     ]
    }
   ],
   "source": [
    "query=\"\"\"\n",
    "SELECT  month, day , year, hour, AEP_MW\n",
    "FROM used_data_hourly\n",
    "ORDER BY year, month, day, hour\n",
    "\"\"\"\n",
    "df_pre_format_hours=sqlContext.sql(query)\n",
    "df_pre_format_hours.show(48)\n",
    "sqlContext.registerDataFrameAsTable(df_pre_format_hours,'elec_data_ordered_hrs')\n",
    "\n"
   ]
  },
  {
   "cell_type": "code",
   "execution_count": 32,
   "metadata": {
    "ExecuteTime": {
     "end_time": "2021-02-06T05:46:13.751241Z",
     "start_time": "2021-02-06T05:46:07.553175Z"
    }
   },
   "outputs": [
    {
     "name": "stdout",
     "output_type": "stream",
     "text": [
      "+-----+---+----+--------------------+\n",
      "|month|day|year|         day_consump|\n",
      "+-----+---+----+--------------------+\n",
      "|   01| 01|2005|[12892, 12316, 11...|\n",
      "|   01| 02|2005|[12849, 12291, 11...|\n",
      "|   01| 03|2005|[13080, 12566, 12...|\n",
      "|   01| 04|2005|[14163, 13421, 12...|\n",
      "|   01| 05|2005|[14781, 13994, 13...|\n",
      "|   01| 06|2005|[14860, 13813, 13...|\n",
      "|   01| 07|2005|[15106, 14471, 14...|\n",
      "|   01| 08|2005|[15086, 14347, 13...|\n",
      "|   01| 09|2005|[14546, 13862, 13...|\n",
      "|   01| 10|2005|[14555, 14135, 13...|\n",
      "|   01| 11|2005|[15298, 14780, 14...|\n",
      "|   01| 12|2005|[14891, 13967, 13...|\n",
      "|   01| 13|2005|[13551, 12744, 12...|\n",
      "|   01| 14|2005|[14661, 13948, 13...|\n",
      "|   01| 15|2005|[16588, 15879, 15...|\n",
      "|   01| 16|2005|[15838, 15207, 15...|\n",
      "|   01| 17|2005|[17716, 17280, 17...|\n",
      "|   01| 18|2005|[20066, 19329, 19...|\n",
      "|   01| 19|2005|[19903, 19140, 18...|\n",
      "|   01| 20|2005|[17436, 16640, 16...|\n",
      "+-----+---+----+--------------------+\n",
      "only showing top 20 rows\n",
      "\n"
     ]
    }
   ],
   "source": [
    "query=\"\"\"\n",
    "SELECT  month, day , year, concat_ws(',', collect_list(AEP_MW)) as day_consump\n",
    "FROM elec_data_ordered_hrs\n",
    "GROUP BY month, day, year\n",
    "ORDER BY year, month, day\n",
    "\n",
    "\"\"\"\n",
    "\n",
    "df_grouped_MW_pre=sqlContext.sql(query)\n",
    "df_grouped_MW = df_grouped_MW_pre.withColumn(\"day_consump\", split(col(\"day_consump\"), \",\").cast(\"array<long>\"))\n",
    "df_grouped_MW.show()"
   ]
  },
  {
   "cell_type": "code",
   "execution_count": 33,
   "metadata": {
    "ExecuteTime": {
     "end_time": "2021-02-06T05:46:49.918810Z",
     "start_time": "2021-02-06T05:46:44.504317Z"
    }
   },
   "outputs": [],
   "source": [
    "rdd_daily_outer=df_grouped_MW.rdd.map(lambda row: np.outer(np.array(row['day_consump']),np.array(row['day_consump'])))"
   ]
  },
  {
   "cell_type": "code",
   "execution_count": 34,
   "metadata": {
    "ExecuteTime": {
     "end_time": "2021-02-06T05:46:56.650822Z",
     "start_time": "2021-02-06T05:46:52.513846Z"
    },
    "scrolled": true
   },
   "outputs": [
    {
     "name": "stdout",
     "output_type": "stream",
     "text": [
      "(24, 24)\n"
     ]
    }
   ],
   "source": [
    "rdd_outer_sum=rdd_daily_outer.reduce(lambda x, y: x+y)\n",
    "print(rdd_outer_sum.shape)"
   ]
  },
  {
   "cell_type": "code",
   "execution_count": 35,
   "metadata": {
    "ExecuteTime": {
     "end_time": "2021-02-06T05:48:04.349022Z",
     "start_time": "2021-02-06T05:47:57.368944Z"
    }
   },
   "outputs": [
    {
     "name": "stdout",
     "output_type": "stream",
     "text": [
      "[[2.18979198e+08 2.07619414e+08 2.00760653e+08 1.97030663e+08\n",
      "  1.95686869e+08 1.97822186e+08 2.06164276e+08 2.20727546e+08\n",
      "  2.31054897e+08 2.36111555e+08 2.39963937e+08 2.43300509e+08\n",
      "  2.44673924e+08 2.45839607e+08 2.46672812e+08 2.46048012e+08\n",
      "  2.45312047e+08 2.46796086e+08 2.50184445e+08 2.51870190e+08\n",
      "  2.50957532e+08 2.49881517e+08 2.45532788e+08 2.33132070e+08]\n",
      " [2.07619414e+08 1.96932372e+08 1.90488888e+08 1.87000902e+08\n",
      "  1.85765730e+08 1.87824384e+08 1.95764709e+08 2.09618538e+08\n",
      "  2.19405496e+08 2.24113333e+08 2.27657477e+08 2.30701542e+08\n",
      "  2.31890978e+08 2.32898799e+08 2.33608630e+08 2.32955589e+08\n",
      "  2.32223780e+08 2.33635211e+08 2.36921136e+08 2.38616149e+08\n",
      "  2.37819541e+08 2.36829610e+08 2.32694335e+08 2.20979476e+08]\n",
      " [2.00760653e+08 1.90488888e+08 1.84317764e+08 1.80986138e+08\n",
      "  1.79827245e+08 1.81849778e+08 1.89561164e+08 2.03007891e+08\n",
      "  2.12471651e+08 2.16945073e+08 2.20273486e+08 2.23109771e+08\n",
      "  2.24158342e+08 2.25045937e+08 2.25661864e+08 2.24977170e+08\n",
      "  2.24238842e+08 2.25606594e+08 2.28846204e+08 2.30568341e+08\n",
      "  2.29859275e+08 2.28932115e+08 2.24925023e+08 2.13631900e+08]\n",
      " [1.97030663e+08 1.87000902e+08 1.80986138e+08 1.77756706e+08\n",
      "  1.76647364e+08 1.78659883e+08 1.86257742e+08 1.99500507e+08\n",
      "  2.08790080e+08 2.13115234e+08 2.16300530e+08 2.18996163e+08\n",
      "  2.19941992e+08 2.20742014e+08 2.21289056e+08 2.20573242e+08\n",
      "  2.19823135e+08 2.21167275e+08 2.24395592e+08 2.26152344e+08\n",
      "  2.25508150e+08 2.24626469e+08 2.20687836e+08 2.09631401e+08]\n",
      " [1.95686869e+08 1.85765730e+08 1.79827245e+08 1.76647364e+08\n",
      "  1.75575304e+08 1.77597162e+08 1.85172929e+08 1.98372083e+08\n",
      "  2.07603794e+08 2.11843833e+08 2.14939002e+08 2.17544375e+08\n",
      "  2.18415204e+08 2.19152111e+08 2.19649504e+08 2.18903006e+08\n",
      "  2.18136424e+08 2.19471859e+08 2.22715969e+08 2.24512884e+08\n",
      "  2.23915900e+08 2.23065147e+08 2.19149138e+08 2.08187446e+08]\n",
      " [1.97822186e+08 1.87824384e+08 1.81849778e+08 1.78659883e+08\n",
      "  1.77597162e+08 1.79672620e+08 1.87371888e+08 2.00785520e+08\n",
      "  2.10132720e+08 2.14362511e+08 2.17427717e+08 2.20002728e+08\n",
      "  2.20826889e+08 2.21525722e+08 2.21994298e+08 2.21210287e+08\n",
      "  2.20414108e+08 2.21760499e+08 2.25064251e+08 2.26919338e+08\n",
      "  2.26351046e+08 2.25513684e+08 2.21549098e+08 2.10474478e+08]\n",
      " [2.06164276e+08 1.95764709e+08 1.89561164e+08 1.86257742e+08\n",
      "  1.85172929e+08 1.87371888e+08 1.95478922e+08 2.09596987e+08\n",
      "  2.19376408e+08 2.23709055e+08 2.26831855e+08 2.29468128e+08\n",
      "  2.30280146e+08 2.30974937e+08 2.31444199e+08 2.30603410e+08\n",
      "  2.29747940e+08 2.31138324e+08 2.34580502e+08 2.36534393e+08\n",
      "  2.35973656e+08 2.35128011e+08 2.30986168e+08 2.19425145e+08]\n",
      " [2.20727546e+08 2.09618538e+08 2.03007891e+08 1.99500507e+08\n",
      "  1.98372083e+08 2.00785520e+08 2.09596987e+08 2.24972958e+08\n",
      "  2.35507769e+08 2.40015809e+08 2.43244982e+08 2.45997983e+08\n",
      "  2.46799591e+08 2.47499039e+08 2.47979849e+08 2.47046619e+08\n",
      "  2.46089066e+08 2.47553123e+08 2.51221800e+08 2.53333539e+08\n",
      "  2.52788096e+08 2.51938652e+08 2.47471831e+08 2.35047280e+08]\n",
      " [2.31054897e+08 2.19405496e+08 2.12471651e+08 2.08790080e+08\n",
      "  2.07603794e+08 2.10132720e+08 2.19376408e+08 2.35507769e+08\n",
      "  2.46583472e+08 2.51314357e+08 2.54712642e+08 2.57622080e+08\n",
      "  2.58483140e+08 2.59234693e+08 2.59756118e+08 2.58787044e+08\n",
      "  2.57783401e+08 2.59307984e+08 2.63124841e+08 2.65310763e+08\n",
      "  2.64734003e+08 2.63834451e+08 2.59162011e+08 2.46138844e+08]\n",
      " [2.36111555e+08 2.24113333e+08 2.16945073e+08 2.13115234e+08\n",
      "  2.11843833e+08 2.14362511e+08 2.23709055e+08 2.40015809e+08\n",
      "  2.51314357e+08 2.56338008e+08 2.60006267e+08 2.63162696e+08\n",
      "  2.64215463e+08 2.65124271e+08 2.65763772e+08 2.64859854e+08\n",
      "  2.63893648e+08 2.65457683e+08 2.69279434e+08 2.71393145e+08\n",
      "  2.70697885e+08 2.69716936e+08 2.64969325e+08 2.51629393e+08]\n",
      " [2.39963937e+08 2.27657477e+08 2.20273486e+08 2.16300530e+08\n",
      "  2.14939002e+08 2.17427717e+08 2.26831855e+08 2.43244982e+08\n",
      "  2.54712642e+08 2.60006267e+08 2.63967037e+08 2.67401784e+08\n",
      "  2.68686200e+08 2.69787212e+08 2.70575014e+08 2.69764036e+08\n",
      "  2.68851635e+08 2.70445890e+08 2.74226950e+08 2.76224596e+08\n",
      "  2.75392374e+08 2.74321813e+08 2.69507823e+08 2.55893479e+08]\n",
      " [2.43300509e+08 2.30701542e+08 2.23109771e+08 2.18996163e+08\n",
      "  2.17544375e+08 2.20002728e+08 2.29468128e+08 2.45997983e+08\n",
      "  2.57622080e+08 2.63162696e+08 2.67401784e+08 2.71136866e+08\n",
      "  2.72671087e+08 2.73984204e+08 2.74940638e+08 2.74238080e+08\n",
      "  2.73383273e+08 2.74998155e+08 2.78706910e+08 2.80563398e+08\n",
      "  2.79579096e+08 2.78410582e+08 2.73533404e+08 2.59650505e+08]\n",
      " [2.44673924e+08 2.31890978e+08 2.24158342e+08 2.19941992e+08\n",
      "  2.18415204e+08 2.20826889e+08 2.30280146e+08 2.46799591e+08\n",
      "  2.58483140e+08 2.64215463e+08 2.68686200e+08 2.72671087e+08\n",
      "  2.74441643e+08 2.75952938e+08 2.77069189e+08 2.76479241e+08\n",
      "  2.75689311e+08 2.77314181e+08 2.80926672e+08 2.82635360e+08\n",
      "  2.81513284e+08 2.80261853e+08 2.75356990e+08 2.61316976e+08]\n",
      " [2.45839607e+08 2.32898799e+08 2.25045937e+08 2.20742014e+08\n",
      "  2.19152111e+08 2.21525722e+08 2.30974937e+08 2.47499039e+08\n",
      "  2.59234693e+08 2.65124271e+08 2.69787212e+08 2.73984204e+08\n",
      "  2.75952938e+08 2.77647818e+08 2.78908535e+08 2.78421246e+08\n",
      "  2.77690193e+08 2.79325410e+08 2.82852382e+08 2.84431281e+08\n",
      "  2.83190560e+08 2.81869608e+08 2.76936078e+08 2.62752734e+08]\n",
      " [2.46672812e+08 2.33608630e+08 2.25661864e+08 2.21289056e+08\n",
      "  2.19649504e+08 2.21994298e+08 2.31444199e+08 2.47979849e+08\n",
      "  2.59756118e+08 2.65763772e+08 2.70575014e+08 2.74940638e+08\n",
      "  2.77069189e+08 2.78908535e+08 2.80319571e+08 2.79898332e+08\n",
      "  2.79218605e+08 2.80862547e+08 2.84315861e+08 2.85784503e+08\n",
      "  2.84445652e+08 2.83066185e+08 2.78108635e+08 2.63808975e+08]\n",
      " [2.46048012e+08 2.32955589e+08 2.24977170e+08 2.20573242e+08\n",
      "  2.18903006e+08 2.21210287e+08 2.30603410e+08 2.47046619e+08\n",
      "  2.58787044e+08 2.64859854e+08 2.69764036e+08 2.74238080e+08\n",
      "  2.76479241e+08 2.78421246e+08 2.79898332e+08 2.79578322e+08\n",
      "  2.78947729e+08 2.80596689e+08 2.83984241e+08 2.85361644e+08\n",
      "  2.83948609e+08 2.82528488e+08 2.77578041e+08 2.63264928e+08]\n",
